2000
14.294207
10.500822	14.220599	1.380853	0.410579
5.469405	3.640794	7.709470	0.479627
8.103644	0.452307	6.209540	0.542145
1.881349	12.407369	10.108497	0.578204
10.934339	0.648599	9.348213	0.575601
11.734063	2.477751	1.591714	0.397240
8.696926	7.148623	2.342934	0.520919
1.632865	6.525443	10.751995	0.346666
6.361375	6.540600	14.222790	0.673770
4.962588	1.481019	8.765103	0.658166
2.386632	4.216922	8.446565	0.544325
13.158471	12.626897	11.296342	0.391919
3.895524	4.413596	7.804535	0.511102
0.910843	5.910106	11.079905	0.587277
7.607006	5.202280	7.094319	0.361221
5.586984	5.789413	2.547333	0.334669
1.592857	2.119863	8.660396	0.435728
1.284734	5.949811	3.711693	0.493034
8.407368	6.233249	6.323466	0.480313
2.228367	9.827978	2.124184	0.681894
13.367631	3.520446	0.235608	0.637085
12.016368	8.314951	10.218677	0.636638
0.961482	10.383568	2.532250	0.454056
3.742141	7.099831	7.550329	0.435528
9.835357	5.990404	0.109518	0.462369
11.180972	2.031669	12.385855	0.540408
8.020696	2.049308	0.511049	0.388717
3.050739	7.806396	8.142681	0.473761
6.744407	12.608658	6.733771	0.385358
3.739255	5.925148	5.282666	0.465673
10.371891	0.820540	6.335734	0.340568
7.941292	2.508988	11.282465	0.558059
9.276787	11.530286	0.470711	0.511915
3.307551	0.334658	13.833614	0.477726
7.537789	9.305827	5.827826	0.570915
1.754484	14.288877	8.443584	0.450725
13.445569	13.287131	4.764365	0.544952
10.269553	8.771538	7.060702	0.477551
10.022132	6.058276	7.037078	0.617367
10.915094	4.638759	6.905935	0.618655
8.410619	12.333999	1.982473	0.500406
7.041847	12.283099	5.970677	0.381081
13.033375	5.768771	8.771727	0.587655
4.443000	6.447616	0.427866	0.549088
13.833363	9.729788	0.178048	0.567160
11.226528	1.663447	1.084606	0.483011
3.474947	0.473555	1.644376	0.423066
6.609265	1.128786	6.392196	0.463781
11.908702	12.201887	3.530310	0.382638
7.572837	12.890383	4.320569	0.502330
6.831921	6.093763	4.715561	0.625042
0.992328	9.680216	8.088230	0.459166
14.008573	4.363057	2.822183	0.490973
3.103327	4.428827	7.332496	0.383619
1.777320	9.934585	11.499382	0.415623
1.481130	0.805973	2.933750	0.494958
1.607973	6.551212	13.072901	0.529773
11.488465	5.225840	8.489236	0.408844
1.301318	1.077424	5.955186	0.469397
2.386359	11.387077	2.119014	0.550130
12.069761	12.368266	0.115787	0.588293
7.909742	5.369071	5.854211	0.369202
10.817234	13.873960	2.266263	0.540504
12.046211	10.328442	0.159767	0.470476
1.189287	13.055402	0.914969	0.532950
3.459115	8.045014	11.167376	0.477479
12.401309	4.876696	5.112055	0.478465
4.974108	1.922712	11.195705	0.438016
12.257824	4.870952	8.026919	0.549244
1.338363	1.734239	0.158465	0.622446
0.078863	0.873193	10.169270	0.495599
10.157616	1.231168	5.387239	0.588261
9.245345	9.255743	1.812854	0.653524
9.678770	12.529744	8.077982	0.396189
6.919864	0.184871	11.691447	0.367455
10.614817	5.710396	10.046684	0.551438
6.290120	3.334910	13.952219	0.414715
12.195236	3.408683	2.818865	0.444890
14.157669	6.424042	7.531661	0.619114
1.583563	5.896184	5.297760	0.645296
7.636852	4.970235	3.601962	0.525339
13.830592	7.756264	9.934215	0.390719
3.711249	4.433930	2.941404	0.558171
4.379714	13.861895	5.437656	0.631859
8.909388	6.527051	13.875774	0.451886
4.869620	1.852825	7.687948	0.476979
10.166972	4.212689	5.273781	0.376802
6.559398	3.294872	3.078351	0.383589
11.533370	6.228218	3.792849	0.501344
0.064118	5.714958	3.788963	0.616223
9.611934	10.621072	11.605294	0.578150
3.076596	0.114523	4.745636	0.685262
2.303457	7.855161	4.559850	0.442070
10.041165	0.217512	12.936930	0.515361
5.390523	8.683847	8.805728	0.438206
5.539040	0.354113	3.376467	0.490756
4.967525	9.564598	8.021528	0.355851
0.349569	5.512385	2.317862	0.582142
13.440657	2.031863	3.108046	0.375240
5.861460	3.824271	4.085717	0.433492
11.919476	14.125888	11.666695	0.348568
8.824727	7.786196	8.332097	0.345948
9.338388	3.359201	1.068519	0.667303
10.839738	4.074529	2.983195	0.453285
10.863886	0.579171	0.325618	0.338328
6.482038	5.413726	13.457948	0.288836
11.352574	0.512901	5.483045	0.414065
12.044946	5.005205	4.066121	0.407480
2.638455	3.028099	12.088734	0.424278
4.560787	13.410338	1.945322	0.400190
2.617748	13.256316	13.658882	0.602699
7.792991	7.666097	14.002525	0.480811
0.832532	13.885671	11.029095	0.361336
1.001790	10.977027	13.956392	0.349352
2.067274	12.354698	3.985120	0.593339
2.510109	1.135278	5.674050	0.649361
11.250906	5.824973	10.990969	0.570100
9.213799	8.908712	12.626291	0.524028
6.083334	7.133099	4.808671	0.642889
13.435022	11.129102	12.304606	0.656375
10.898162	3.662320	7.835634	0.642715
2.230154	9.951291	4.119640	0.530794
11.419665	11.261155	13.344825	0.531871
6.952333	1.550480	0.230090	0.600200
12.981486	8.961505	7.696632	0.554804
13.266276	1.983514	9.067557	0.533648
9.486462	5.995428	8.930230	0.569686
7.031982	11.266129	2.339963	0.658149
5.065685	6.291496	1.441772	0.488740
12.610966	2.094165	12.425450	0.434427
13.609690	2.852227	2.536646	0.638287
12.791613	2.666795	11.332894	0.486617
13.788550	12.094545	8.471081	0.407212
12.164478	6.548754	2.818889	0.522260
10.879859	14.144258	12.354305	0.461362
11.254192	6.824431	2.113496	0.599252
6.268722	5.335053	10.921466	0.475755
7.645381	9.964643	10.572806	0.423813
12.553551	0.148425	8.927794	0.407863
0.267843	7.168240	4.267573	0.551416
1.187719	9.404320	12.295752	0.401421
3.102898	13.094410	8.395708	0.371871
11.491996	3.707987	5.665704	0.446274
1.613961	3.433507	10.275359	0.550610
0.119635	1.354297	0.865273	0.682878
12.583147	12.542000	6.977572	0.499436
5.680258	7.944128	11.791587	0.651618
3.338873	14.251771	3.496690	0.582501
5.587686	2.254165	8.545795	0.351453
1.396540	3.443750	6.052147	0.436293
0.279233	4.205307	0.552893	0.535862
3.796604	10.431607	6.824042	0.440637
1.046534	2.018532	6.525733	0.591250
4.715700	1.596987	2.123851	0.427870
4.579493	5.966664	12.402289	0.439754
7.565886	4.463338	13.987023	0.527319
11.804204	11.885077	10.770474	0.568375
12.192760	5.250830	6.852163	0.591735
1.692158	13.973709	14.117630	0.398196
0.592633	0.206115	3.469810	0.588773
6.845981	10.998369	8.262962	0.363554
0.326311	8.915794	10.698356	0.396441
11.949438	4.042811	3.507780	0.423961
11.751871	6.206147	13.303792	0.415796
6.848277	10.317770	8.946790	0.484277
8.064701	7.734684	4.126451	0.440364
2.876079	2.237410	13.777033	0.526080
10.916537	4.467037	14.265893	0.466713
10.156708	8.437454	12.068191	0.600413
12.863260	13.349124	9.021816	0.534713
2.288530	12.867393	2.972280	0.405633
4.564901	3.823960	4.835631	0.413229
9.494405	10.694725	6.336164	0.613537
5.044141	10.328536	1.162152	0.455059
1.487816	6.712940	0.576075	0.371895
9.958640	1.437139	13.288767	0.443100
2.823066	8.264563	13.727942	0.585290
13.780133	8.034394	8.052774	0.649554
12.461834	11.434313	0.806540	0.450508
9.886458	10.670203	1.535656	0.367969
0.673095	9.221837	2.504954	0.400583
12.962090	3.200000	6.996920	0.606236
10.093601	0.895801	8.597285	0.549356
10.366369	11.666005	0.558089	0.551045
6.131937	5.663388	1.530322	0.572325
6.385555	8.942221	8.092632	0.624667
9.155076	12.341940	2.794773	0.590187
12.658948	9.266636	9.449602	0.488418
0.875963	8.815513	9.604910	0.626107
2.398984	4.118734	3.019408	0.554848
10.282713	7.508266	11.452102	0.395853
8.394240	12.264795	5.632277	0.535925
3.088129	4.729434	1.152884	0.589933
5.545519	14.157808	1.054374	0.671622
14.011434	0.566734	12.341264	0.586718
13.212388	7.124507	5.385619	0.613785
7.716777	8.365597	11.158369	0.714269
9.745887	13.602601	11.685733	0.276197
12.219155	9.782003	11.010402	0.409080
12.920468	3.898660	12.145693	0.533540
2.124496	6.683625	8.515681	0.634433
9.825649	13.984361	9.075328	0.558185
6.892863	8.606777	2.402803	0.585979
10.358949	2.197731	5.069501	0.397835
2.152885	1.794573	3.672968	0.516331
0.420952	13.098780	1.839923	0.500841
2.942626	1.907550	10.499417	0.609748
8.502862	2.252454	1.401177	0.523201
12.167544	6.861625	12.627138	0.458783
9.134400	3.612665	14.291936	0.335338
6.086822	9.940630	2.655720	0.534068
1.046963	10.354540	5.961266	0.547948
1.625872	2.548912	1.210409	0.594080
9.044155	14.171908	1.205122	0.511777
4.174900	9.163369	11.799161	0.507173
11.374819	2.324365	13.578348	0.365915
0.178035	2.211018	5.397642	0.446363
5.699956	1.220122	6.940403	0.481670
10.433338	0.100228	4.325000	0.555186
0.076327	12.664940	12.489117	0.576377
5.133675	14.019205	11.323265	0.378727
14.019206	5.909926	5.362235	0.601002
8.194029	4.803920	10.906324	0.477386
4.302781	8.076221	13.274389	0.376070
5.657992	9.046669	3.039627	0.481763
1.539998	6.818951	4.496971	0.576588
10.920685	6.452502	6.103169	0.696042
6.052577	10.675089	0.512949	0.543240
6.656008	13.540868	5.841858	0.539138
4.091154	6.565683	11.451019	0.703653
0.791998	13.386891	8.820714	0.412444
13.451397	0.853162	10.670764	0.273709
2.641638	1.098402	2.863300	0.581019
1.297827	7.721468	12.076374	0.457862
1.913301	8.317811	8.707834	0.383561
5.690829	5.399713	14.136656	0.502013
3.632177	4.394252	10.095420	0.483498
14.142739	5.999350	14.070415	0.647659
2.066539	5.071089	10.915501	0.533658
6.942858	7.981227	3.932658	0.605140
3.802542	3.005361	11.991760	0.529722
1.893738	7.818138	7.795611	0.557472
5.600275	8.794601	11.073799	0.406813
12.128652	1.233589	7.413648	0.510040
5.380921	1.432283	3.248154	0.565879
4.091700	3.975379	1.736546	0.511217
7.811367	13.158255	10.163144	0.476398
10.704449	12.949214	10.571374	0.518646
12.422916	13.196554	13.739160	0.483564
0.222445	4.298700	7.012679	0.433417
6.957715	2.535681	13.771441	0.490880
2.393154	9.018174	11.228444	0.530613
7.296888	9.187644	7.005042	0.333538
4.467635	4.568137	5.620154	0.582420
11.059737	7.728235	4.191064	0.395211
1.930494	8.768475	3.813719	0.489810
2.919825	4.655503	3.990441	0.513782
7.939450	1.737051	12.051286	0.526759
0.549949	8.769525	0.343850	0.644147
7.342233	2.500678	1.180537	0.630735
1.750419	10.340060	7.798706	0.368081
10.157438	13.847193	10.097401	0.519238
4.821053	11.790334	9.189085	0.515596
6.297812	0.286900	5.396687	0.629775
5.234485	12.505859	9.864626	0.537956
5.305167	10.341690	13.848901	0.404152
7.793727	6.673895	12.365635	0.434923
2.959197	10.809396	0.678945	0.738005
5.175554	9.556925	5.620463	0.277800
11.646243	0.925393	12.175643	0.546695
3.373044	1.970178	7.774173	0.620242
4.215449	2.218163	1.649913	0.417909
12.120430	2.606703	0.632972	0.642970
10.363700	6.344113	2.880503	0.549223
6.964578	12.252585	5.126305	0.433764
1.210910	3.101906	11.323724	0.496858
2.686265	9.192616	6.007808	0.528635
8.259833	11.937605	6.775072	0.659782
9.469259	11.840518	12.772906	0.470295
6.487443	13.016857	11.548249	0.471975
6.631857	9.361026	0.375285	0.471603
4.769608	4.823723	11.977240	0.588416
12.994945	7.595090	13.949154	0.645309
8.011101	4.129294	12.889336	0.594461
7.386783	4.967529	13.246943	0.360095
4.885726	3.737398	6.678951	0.583289
8.158648	6.503615	0.342488	0.395116
4.519108	12.719180	12.968676	0.341439
3.597604	9.642468	4.169264	0.454586
1.229404	4.065455	10.942252	0.436297
13.832626	13.177520	10.527780	0.690283
13.722526	8.260481	0.823069	0.451108
9.604019	6.342562	11.947839	0.395868
13.571659	13.999862	8.187989	0.609597
12.942505	14.013584	2.394084	0.412290
13.563211	6.634299	4.004349	0.586924
1.897633	11.151231	8.027502	0.461308
8.390407	2.932666	4.201246	0.456184
3.331642	0.956158	0.464515	0.506201
13.803818	0.557369	3.359590	0.378379
5.602276	3.323308	3.269375	0.534976
7.595904	12.639014	14.243952	0.481503
11.873832	9.317412	11.665609	0.460709
11.338619	0.794781	10.925652	0.460258
3.622415	12.719375	10.881580	0.577874
3.415914	6.736081	0.413176	0.478405
6.172798	3.054318	0.560704	0.355677
9.440305	5.656665	0.965584	0.529817
13.948199	13.622104	12.588163	0.392072
7.352218	13.646117	2.248000	0.545500
7.544916	3.877181	4.521025	0.355339
5.320742	7.171314	2.197382	0.549887
7.894456	7.766312	9.817854	0.498263
5.918208	2.480381	13.399127	0.467199
3.886288	12.265961	11.840046	0.397969
6.901775	13.555370	10.152913	0.480850
8.068955	6.255147	5.417847	0.471525
1.484268	11.301899	5.259796	0.599641
7.125601	2.907198	12.172953	0.493716
10.247955	2.467523	8.561065	0.646971
9.973407	6.274184	5.151220	0.530415
4.582278	12.181677	5.490218	0.420453
4.928370	13.806478	8.416342	0.534528
10.557488	7.105969	12.268171	0.535026
10.796549	10.029905	5.255133	0.398772
3.492298	9.257062	2.445008	0.496406
13.598843	14.132378	2.867969	0.389237
9.649763	1.141435	4.482503	0.405640
8.913460	3.770854	11.040400	0.407740
11.166483	8.938809	0.142589	0.654746
11.143230	1.232777	6.573276	0.368475
12.000419	12.823751	1.088784	0.436827
12.234763	2.481902	6.966601	0.289756
1.889577	5.531293	8.492810	0.478643
3.474206	4.909543	5.402810	0.322635
10.923992	10.116887	8.352962	0.586364
1.249308	8.894348	1.353389	0.468236
4.011283	8.723953	14.214596	0.493397
6.707412	1.487010	4.067063	0.518998
12.558367	0.609567	11.439955	0.627923
0.073754	7.213001	13.621470	0.381482
4.346960	12.594747	6.438365	0.631668
2.883127	4.206867	13.827967	0.425388
4.582203	9.374963	2.595123	0.423033
2.191005	5.931141	0.813136	0.626553
5.358452	5.214516	5.420350	0.484220
12.404937	7.979464	5.901758	0.592007
12.690595	13.113639	5.833630	0.700756
9.570999	14.034013	14.050204	0.472950
12.924934	13.850478	6.909043	0.616394
12.432191	8.246706	0.910551	0.506280
9.382081	8.135507	5.084065	0.558126
5.899274	13.785812	10.224601	0.508672
2.130395	7.201351	5.330787	0.370762
11.681571	12.526169	12.959254	0.748877
9.124226	13.638899	7.688834	0.548009
10.398945	1.165984	12.272898	0.508523
4.590963	4.959350	1.045064	0.497974
11.442738	4.001942	12.272227	0.519568
2.547729	5.965805	13.902465	0.622528
11.525651	4.362332	11.054786	0.202854
14.254308	13.385139	13.311452	0.327781
8.793802	11.216566	4.056222	0.627235
6.483753	9.289367	1.672509	0.427967
12.809423	3.912441	9.142999	0.355550
3.756672	2.631152	13.980010	0.455178
3.974862	4.829613	12.899513	0.526791
7.597207	11.189167	7.571817	0.519936
2.080430	5.743325	9.793033	0.649150
0.948926	5.275940	8.182161	0.443390
13.575035	12.672191	6.527247	0.445500
1.324845	0.055707	11.879230	0.475578
12.224547	8.689996	13.275211	0.427072
7.421217	8.632479	13.800190	0.379980
7.779030	2.596589	4.690719	0.369387
7.803576	1.584330	1.354871	0.286046
3.893844	5.667343	0.308828	0.343575
12.925549	11.108254	8.755011	0.591341
6.519425	8.998317	3.705746	0.475697
5.675701	4.072190	5.329312	0.645704
9.099615	4.553796	0.421034	0.466379
6.518423	1.012062	7.633788	0.480010
6.935815	3.294932	0.262581	0.446738
6.075580	2.652797	4.564197	0.367141
9.006125	2.003869	13.749396	0.659050
10.215767	2.460375	0.049242	0.296538
5.514263	7.466016	14.248229	0.428096
5.005243	3.461315	12.191253	0.594247
0.962339	4.041210	10.245390	0.291805
4.488734	3.683133	7.821872	0.346440
10.588443	4.757791	8.913494	0.573909
4.679238	6.187334	2.488829	0.510319
12.047975	4.257753	8.893364	0.516674
4.748239	6.494097	7.100852	0.506365
13.749488	1.073218	5.839452	0.482624
3.885996	14.060297	11.355507	0.508190
4.674502	13.406088	9.385252	0.530486
7.296543	3.480326	13.567766	0.519755
0.175332	7.969839	9.081686	0.447259
1.143410	2.182395	4.226291	0.432660
0.263849	3.979034	1.987099	0.537979
8.223597	3.752599	0.538290	0.372601
10.512014	8.786184	11.057269	0.486437
11.110433	4.868036	13.299249	0.515504
2.783720	6.508830	9.517624	0.307799
9.430878	8.895639	6.181868	0.596003
12.405055	2.929771	6.006010	0.492114
7.749173	13.842268	12.328779	0.538690
5.766186	6.844392	10.224206	0.481952
3.776384	9.824834	1.115636	0.592656
0.410177	7.829998	10.274333	0.400157
12.229881	10.635460	9.578787	0.530728
13.627471	13.128284	3.276682	0.401803
0.208082	0.244120	11.420993	0.500597
8.032518	2.738639	9.396718	0.693231
2.597554	1.354173	8.355432	0.509806
4.399792	5.471440	8.512466	0.533295
8.075422	7.261070	7.619298	0.538702
12.096007	9.119413	3.736914	0.519998
11.144890	5.733163	12.571382	0.580234
5.922867	5.689424	7.746396	0.476003
9.956582	8.801793	2.415771	0.349559
10.299679	10.061589	12.829083	0.412171
4.055954	10.381145	11.437119	0.651550
2.867376	14.290490	9.382033	0.563647
0.957890	8.473880	2.362760	0.273896
5.580566	11.358440	1.703994	0.643822
10.047656	7.585418	3.137190	0.526867
4.139663	3.069293	1.722908	0.395595
8.394769	10.438459	0.135646	0.460604
7.395206	9.640310	9.155252	0.387269
8.274327	6.074528	1.296309	0.526172
10.210173	5.513782	8.237788	0.446725
12.760286	11.321199	1.921649	0.535490
11.944887	3.164057	7.824715	0.428831
1.496817	5.409870	6.508504	0.297955
9.432057	2.793111	11.719144	0.544662
7.497264	3.905767	3.225614	0.528024
7.265953	0.795511	5.711401	0.480452
4.117245	7.364991	2.494334	0.459188
10.675722	7.752568	10.641675	0.474503
8.882441	1.076713	7.339741	0.633100
3.260053	2.702437	11.188337	0.468468
7.285765	13.562517	6.826312	0.616946
13.782452	7.141350	11.049924	0.445876
0.634406	2.258967	0.645770	0.373829
7.942913	4.499613	6.738637	0.450926
13.016205	12.349696	1.128510	0.639036
6.223905	5.347523	3.426823	0.453069
12.842714	11.845266	11.521702	0.427591
1.859526	14.245679	7.341137	0.578052
1.778704	9.119112	10.278222	0.390395
1.734919	12.227957	8.255577	0.515069
0.178144	3.348334	14.092578	0.533212
9.352532	6.753198	2.920323	0.376377
7.989965	0.777344	13.012559	0.813639
5.646219	7.159511	0.930470	0.598289
9.727706	11.523726	7.478680	0.491318
1.017572	10.058062	11.003738	0.359943
7.913989	11.578308	1.612514	0.391332
11.185637	0.058351	3.241641	0.570377
4.569800	7.368894	7.828767	0.442896
3.811972	3.902254	0.521889	0.458885
5.656070	8.977785	5.043138	0.316708
11.538032	9.012991	12.459494	0.452592
11.572768	4.897378	11.763210	0.510141
3.265486	13.185084	5.996505	0.509547
0.876553	4.324134	11.802780	0.525119
7.201190	6.288858	1.602568	0.539879
8.155683	8.864193	3.921688	0.566580
8.130201	1.615870	5.190675	0.612710
13.988089	1.538092	12.032170	0.300416
7.230585	7.320247	0.814646	0.555341
2.690999	10.601257	7.338788	0.580762
2.865416	2.314131	0.745302	0.672074
11.291751	13.608564	8.591182	0.555870
3.991683	5.293165	2.050648	0.515361
3.124915	5.428252	8.514524	0.685691
8.031692	12.062175	0.804895	0.532028
8.927480	5.850784	11.215513	0.497360
0.338247	7.694958	11.549703	0.551692
0.913248	7.096152	10.801022	0.472888
10.115279	2.733684	7.424127	0.502186
12.247286	12.373913	2.352762	0.543354
13.346583	2.035710	0.615375	0.600295
7.790452	6.926795	6.073233	0.444561
3.723830	0.950288	10.986234	0.615479
7.095669	5.033885	6.033801	0.470544
8.586103	13.073134	6.559477	0.501484
13.530866	10.977830	0.508347	0.677492
14.091991	11.398639	3.607813	0.417064
3.312120	4.481832	2.065180	0.333828
1.044831	6.576428	7.423334	0.524817
2.585659	8.673998	2.272848	0.529589
4.311344	1.815747	4.976464	0.579171
14.259007	6.105500	10.913692	0.388482
13.423252	14.102993	5.903213	0.518724
3.489754	6.401257	8.967015	0.405868
6.187604	9.273728	11.952499	0.408324
9.354373	12.677566	5.560980	0.439138
9.044915	7.279694	4.235553	0.556455
13.427716	0.101175	10.163756	0.607459
1.029908	8.310618	13.671760	0.475932
0.621416	9.815443	13.236974	0.517140
6.630742	4.757413	4.313679	0.662498
13.623022	7.034213	8.993420	0.676933
0.358481	8.780312	3.139944	0.416944
7.604447	7.115543	2.972283	0.616249
9.355978	12.378628	4.096014	0.599841
6.941892	3.845871	8.938200	0.544501
9.278855	0.663380	6.010172	0.583968
10.933377	2.756409	0.904709	0.535791
12.077942	2.954389	12.762712	0.383723
7.999289	4.092116	8.049906	0.371139
0.379634	6.984604	12.612136	0.671552
6.214012	12.730497	2.634432	0.600902
10.611087	6.334475	8.856679	0.499025
5.208685	2.067703	4.318515	0.424192
1.018877	2.667082	5.150615	0.493071
13.825565	0.802155	8.975681	0.581000
1.103415	12.181687	1.358169	0.340793
12.333146	3.824569	0.062580	0.322143
7.977807	4.341796	1.786214	0.441561
0.178133	12.177464	13.688892	0.369717
1.978239	7.086855	1.333413	0.371603
2.234774	3.525528	4.778745	0.568394
13.407878	5.580775	2.822454	0.544455
6.774220	1.895141	12.602856	0.653097
8.496522	6.825022	11.482699	0.543454
9.697382	9.829100	2.967902	0.451305
5.763461	8.893810	9.899849	0.576843
8.094086	8.837880	2.023967	0.563285
5.985430	13.214425	6.806707	0.413097
1.756997	8.303656	0.090436	0.492770
9.300893	9.332596	10.720015	0.372013
9.691009	13.582745	0.666197	0.472089
1.119432	9.053921	7.091109	0.450086
11.274504	2.226140	4.248786	0.551871
1.042119	10.417941	9.773124	0.570875
7.287204	5.084020	8.947097	0.432452
6.258188	4.256765	13.571397	0.528435
0.471248	11.085298	13.067028	0.688414
3.036444	11.016750	4.288922	0.474346
1.478268	12.480762	7.182053	0.498931
11.781399	1.205333	2.737608	0.688576
5.924862	13.313653	12.616547	0.499791
12.536657	4.123701	5.945047	0.610208
4.670941	11.420809	11.344803	0.553826
1.677975	12.560416	5.094628	0.568686
1.976551	13.577909	4.832145	0.452982
11.899134	9.999010	4.678573	0.607907
7.564729	8.248809	3.106300	0.403352
5.355891	2.851471	6.695142	0.327965
12.938402	11.766917	10.124537	0.727024
10.943376	2.043377	10.938765	0.499359
5.418802	13.477046	2.186053	0.424441
0.674355	13.552279	12.106048	0.473743
7.707313	9.399282	9.965381	0.372003
7.384372	8.123573	7.866623	0.174011
12.627078	3.437867	10.299965	0.582289
0.766891	6.241522	8.714796	0.507918
10.270745	11.947847	13.099280	0.346625
8.728552	9.211018	7.721539	0.353690
1.411844	9.505762	3.241659	0.575868
2.378557	10.480491	3.055551	0.461293
12.928477	3.496680	13.346132	0.605644
9.652980	14.022924	5.102924	0.434888
8.277986	0.022816	14.178423	0.577216
2.093076	2.384010	4.641507	0.477715
9.427584	11.235300	9.506594	0.448444
13.468338	2.676286	7.994343	0.621716
3.389857	7.862401	0.457849	0.475836
8.772968	9.409768	2.999654	0.504550
10.441371	1.412881	2.582432	0.432649
0.183384	12.282728	9.646224	0.445525
10.082491	1.998919	11.457613	0.401610
13.337830	11.806316	2.851287	0.601562
9.860852	7.869160	6.097332	0.502192
1.611430	9.362184	13.415941	0.418842
2.318792	11.718221	7.411345	0.362748
3.110412	10.378469	5.198261	0.503710
5.710983	1.122699	11.507739	0.412526
10.783966	7.420157	8.912700	0.453865
0.322009	1.960467	12.649550	0.505976
1.706459	12.855348	2.083338	0.573704
9.675655	9.479216	5.230828	0.522672
2.790246	12.545950	1.304330	0.670015
12.368371	6.993716	8.651430	0.550996
7.528706	10.688198	13.152563	0.545860
11.661068	1.131014	8.754414	0.422240
14.002956	2.334442	11.166225	0.599625
11.754129	10.806621	11.669763	0.487982
4.683724	7.827755	5.254400	0.695666
13.784797	3.749727	1.292472	0.287092
7.293753	11.275480	5.468849	0.587460
13.136881	7.085462	7.458353	0.575283
2.882915	9.409619	1.368884	0.374608
6.631384	8.025857	13.036652	0.578768
11.315012	8.954922	10.836421	0.313110
8.252650	11.822805	12.771178	0.458277
11.204231	3.062927	13.336374	0.386372
4.540324	8.347146	11.082536	0.591585
4.858207	9.400331	11.217526	0.376792
13.910351	11.220185	11.115220	0.340467
13.520906	1.588814	2.056077	0.573134
2.279306	0.825414	3.856607	0.444394
6.414272	11.203859	9.512372	0.633692
12.828773	4.507748	14.136224	0.429508
4.841709	7.937862	6.818758	0.547378
5.364059	5.831240	11.763957	0.564607
8.863526	10.760034	12.456106	0.547637
13.758732	1.059691	11.365418	0.481710
7.246442	4.983467	1.487787	0.560950
12.175991	5.282437	13.591821	0.591243
3.217308	1.501647	4.738999	0.519739
1.689933	1.330054	4.517195	0.504557
11.543249	13.786883	13.454179	0.519411
11.523172	8.830656	7.827806	0.275004
4.334272	5.257600	3.341404	0.495224
2.781798	13.582670	11.748225	0.647096
7.976581	11.317913	8.804219	0.612984
9.043772	0.559319	4.940821	0.470184
11.901731	8.171106	8.398728	0.535565
13.480346	7.298272	11.939267	0.506124
2.773229	0.460294	7.402485	0.389568
3.482492	1.307169	13.920629	0.412221
6.485574	10.628115	12.597884	0.531778
4.556932	9.133281	9.509086	0.637686
1.671578	2.346192	13.415015	0.342305
2.158819	0.876514	9.935477	0.593738
11.645149	10.288049	10.951794	0.353124
10.203906	5.097849	2.510482	0.575875
3.628064	3.338145	10.289180	0.587788
9.293561	5.415013	5.960427	0.680386
8.759367	0.896373	1.763159	0.601163
13.913054	3.858561	3.629159	0.441105
9.718188	12.173705	11.424065	0.560115
10.226384	11.783045	6.279746	0.567367
3.066367	12.516319	12.487930	0.656468
8.906068	2.027934	6.314952	0.547933
12.764062	8.325916	2.435420	0.436767
5.453858	6.667347	7.996650	0.622014
5.399907	10.255351	6.625603	0.374369
10.288061	3.465271	1.514197	0.343018
9.583687	6.454179	7.934047	0.425067
8.088732	0.080857	8.656313	0.579241
6.706147	1.453258	9.720822	0.578833
13.925456	11.375995	6.822160	0.500668
1.032275	11.734651	3.822381	0.500180
0.926683	0.250236	9.038617	0.463617
9.081840	2.287688	12.574414	0.481194
6.432943	7.176187	9.000969	0.569376
11.946184	0.363016	9.495208	0.329118
7.951856	14.172221	11.078838	0.656716
2.475800	4.026790	6.513027	0.530230
3.826441	14.160519	13.065236	0.477292
4.454992	9.947638	10.362096	0.470867
2.199950	10.394581	13.845763	0.579959
2.639159	2.474128	6.581226	0.420469
11.237500	5.534616	2.241903	0.504780
6.249200	7.839580	9.756159	0.336122
6.359547	0.182782	9.391949	0.519414
3.772428	0.982298	3.824638	0.524079
3.794032	13.933818	1.411970	0.492889
10.003094	7.018803	13.795239	0.527589
8.031812	2.641453	13.095340	0.642152
7.700662	10.742091	9.847993	0.593512
12.122638	3.593468	11.392129	0.593391
2.323581	4.718855	1.962374	0.473161
12.374925	4.687523	12.596189	0.508006
13.140631	7.237549	6.458814	0.426692
1.666073	4.193877	3.932183	0.448627
12.086641	0.516355	7.952660	0.368193
1.164447	4.017836	8.213878	0.420672
7.876692	6.039598	2.125619	0.317341
3.979075	2.310995	10.544617	0.498607
8.214646	5.656936	8.821987	0.581493
13.427638	12.147887	5.077427	0.626518
12.822618	6.094588	4.783785	0.546994
10.697452	4.561033	11.445768	0.363717
3.362335	2.333836	1.792128	0.415786
3.965988	14.238179	10.080768	0.646905
0.583885	4.566331	3.883978	0.579132
6.547610	10.284792	3.968791	0.494269
13.929693	9.683798	2.908248	0.702578
11.253399	13.144020	11.827884	0.533296
11.729231	7.115654	5.241302	0.630983
12.811665	11.933871	6.032378	0.484312
8.750181	11.145230	7.309938	0.353346
13.454032	10.717521	2.967015	0.376338
5.990049	13.543722	3.562211	0.425386
7.101687	3.004567	4.899906	0.295277
6.770518	5.427968	0.484672	0.632824
7.493376	7.928005	6.693944	0.738335
4.213047	13.154694	11.929979	0.544799
6.776259	6.838758	12.998241	0.591114
0.234046	6.976477	9.996079	0.499334
12.364850	10.909574	4.269113	0.449078
0.062648	7.709995	2.586571	0.530883
13.044823	1.891524	7.005991	0.628144
7.983669	8.158986	5.576936	0.462586
7.707043	12.763100	6.500351	0.319417
5.512952	2.292011	12.530835	0.403675
2.032671	3.517977	2.137723	0.460051
5.749124	7.891076	6.014848	0.553180
1.683279	1.799119	7.563670	0.642253
8.336575	3.516005	3.471969	0.421503
6.570658	9.027093	13.666886	0.511775
10.865120	1.627069	8.009710	0.513796
8.717208	5.713458	9.996292	0.618761
3.460697	11.171642	2.119059	0.442523
1.358189	11.514445	10.122738	0.434047
5.783583	12.911497	11.041727	0.373562
9.683776	2.770387	6.361200	0.423327
11.186239	10.845172	4.328475	0.510637
9.776116	3.703491	7.161025	0.556898
11.373953	5.113134	3.281978	0.513950
0.469937	6.254095	0.677758	0.476174
6.068200	13.790270	13.889506	0.388792
12.466940	1.071650	5.126866	0.557403
4.674662	0.770112	7.058944	0.581835
2.740936	8.105369	10.051321	0.559395
0.006824	10.476169	1.187711	0.168555
11.767934	7.053491	0.427112	0.454830
1.051440	3.092656	2.127081	0.603233
7.540156	0.424470	9.836024	0.675986
5.117739	13.812373	3.728287	0.403454
12.355509	4.787283	2.725822	0.509762
11.756258	13.048211	9.399413	0.477563
6.372492	11.637764	12.212538	0.523028
10.784710	13.271252	3.236927	0.496447
4.941615	1.349370	12.301871	0.606715
4.440131	11.501000	7.099161	0.627868
6.380790	11.690933	7.636543	0.481175
10.020407	11.187303	10.415409	0.538882
8.539591	2.827241	8.439318	0.361188
8.169356	9.470573	9.125211	0.377234
6.809150	3.628270	5.655965	0.394524
5.575959	0.509693	2.272818	0.593567
12.541325	1.054926	0.436039	0.485993
14.267288	1.058599	4.703000	0.359500
0.134549	3.949408	12.545754	0.548115
5.579377	11.498792	0.181927	0.404934
12.103191	11.106614	7.266350	0.419816
13.990489	2.392050	9.930093	0.427689
8.630060	8.068218	10.386882	0.449874
4.784268	0.147366	12.096662	0.555840
13.390402	5.676613	10.496816	0.628017
4.326246	3.470415	11.185660	0.507377
5.703543	6.159652	3.306291	0.498555
0.788791	7.909440	1.646443	0.611302
5.269725	4.058862	2.374302	0.473481
8.064491	13.658994	4.437243	0.417082
8.615473	8.373351	1.103493	0.441276
13.311854	10.616771	7.080393	0.420165
1.758425	3.507502	13.303425	0.489968
3.660740	7.785091	6.539540	0.649899
13.307869	2.695878	10.457720	0.431721
8.780509	13.851819	5.834452	0.576165
8.007599	5.356158	12.155471	0.405643
1.687674	3.351772	9.019204	0.705290
1.753426	11.410169	14.181535	0.450070
12.454426	6.952956	1.729001	0.660005
6.054613	8.085099	10.643654	0.517589
4.580120	12.686296	0.755054	0.535309
7.900972	6.008174	11.352416	0.449694
7.094128	6.642259	10.945363	0.322072
12.087344	10.096670	7.542133	0.597996
2.190072	9.695053	0.902441	0.454439
1.215473	10.537875	4.378250	0.510040
4.440301	9.615354	6.262614	0.635998
11.596087	5.709891	5.032578	0.659458
13.707055	6.124692	6.650019	0.412635
4.734176	9.210847	1.140119	0.339460
10.929059	10.474331	11.744515	0.391089
5.310991	12.104605	4.415457	0.461021
2.075194	5.507784	4.134847	0.503507
0.528393	0.302749	5.741505	0.585027
1.161329	1.502578	9.230232	0.340433
10.467952	8.586241	4.432574	0.523986
9.257439	1.301082	2.746396	0.568901
12.434362	1.415950	1.373309	0.480592
13.214489	11.936537	7.594271	0.556650
10.446411	11.359114	1.649320	0.484045
14.011634	4.687381	8.533860	0.598115
6.381352	2.914984	5.276895	0.289467
8.968612	4.950587	3.882913	0.612238
9.576706	12.852327	9.932319	0.498310
13.430046	1.484459	10.269987	0.448555
10.096379	3.904873	3.641381	0.396427
3.655291	7.232704	3.288146	0.431635
6.639284	3.725733	11.055282	0.557200
13.710434	9.329838	10.385121	0.624712
12.310283	1.835506	10.479707	0.688288
6.474373	3.854533	7.815217	0.399893
2.074698	0.523185	13.741526	0.554475
6.729435	10.268939	7.558805	0.643629
5.396566	0.212555	6.268068	0.430638
7.073716	12.525570	1.555495	0.660440
3.811070	8.301302	10.088720	0.506229
12.648431	2.596829	8.603732	0.364106
1.597929	4.557166	10.045838	0.513685
2.527594	0.074725	0.994263	0.368551
7.397131	9.300156	4.644718	0.465428
0.433035	5.097533	5.851553	0.475960
6.703325	5.939962	11.893150	0.706488
0.609789	6.652399	2.788010	0.653695
12.785725	9.002081	0.102869	0.635194
12.164139	5.899152	10.381352	0.345788
8.334768	9.965155	13.363480	0.424673
4.833149	4.570976	4.744041	0.338613
2.003888	11.350538	9.092396	0.586665
9.653810	10.244038	8.873757	0.482766
12.689070	2.255901	2.384873	0.461069
13.116136	13.060931	8.118098	0.424375
3.599338	12.664307	5.037944	0.627816
5.164099	6.377988	13.758513	0.406047
14.024342	9.645455	7.285313	0.720181
1.801515	4.766482	7.835658	0.463542
0.589686	8.612500	11.290529	0.295166
7.372124	6.198681	8.149124	0.482224
6.156244	3.370671	11.893879	0.465333
2.311956	9.328552	12.328448	0.548292
11.815158	9.829917	9.949255	0.390415
12.466111	5.742760	3.544889	0.558440
2.605466	3.983597	9.845172	0.512320
2.213820	4.176232	11.555468	0.494705
2.292240	7.262152	10.106100	0.361426
12.375705	9.212365	6.846226	0.475169
10.620620	5.375888	7.519360	0.319707
8.503137	9.272746	5.006400	0.620574
10.501505	7.325439	8.060101	0.376396
4.482707	11.865803	2.434633	0.420488
1.891784	13.415077	9.160461	0.539405
8.848502	1.592509	10.210472	0.463684
3.238824	1.031877	9.608582	0.480580
4.802773	12.305670	13.822751	0.603026
2.092176	13.681459	0.671099	0.424708
9.821178	7.021540	11.182550	0.312033
6.189223	1.928687	5.835229	0.509045
4.143948	10.409826	13.197037	0.603385
10.635662	9.734596	9.771127	0.652445
5.288922	9.768850	12.115066	0.580038
11.719793	14.143361	7.254950	0.582947
5.545432	4.497789	11.221850	0.443240
6.311671	1.061917	1.280811	0.548264
10.303536	5.142661	0.396043	0.526067
0.023360	3.697857	10.632818	0.482543
1.067248	2.062731	3.004306	0.512070
10.366066	12.870370	8.840338	0.594892
12.030383	14.077426	0.945994	0.403634
1.780159	7.668377	13.437924	0.477143
9.805854	14.077784	6.656531	0.580686
14.123411	5.443407	12.690827	0.638637
3.367380	6.579893	10.408217	0.537288
10.210442	6.061010	4.250040	0.404854
1.249459	5.240918	12.157430	0.448356
7.618798	7.747532	8.229563	0.362806
11.289540	4.180064	4.632942	0.649988
3.843991	6.628133	1.384398	0.499887
10.566960	2.109009	1.766792	0.552442
12.916852	10.017627	0.720093	0.474265
7.104980	8.616836	10.005851	0.539432
6.546420	8.948011	11.174219	0.459790
11.766641	11.540017	4.194837	0.397871
9.187184	2.966009	5.059450	0.652527
12.795954	3.710645	8.207480	0.584158
9.138312	1.436997	5.401188	0.333787
4.891586	7.316366	11.049075	0.432189
5.724701	4.265538	10.128764	0.563980
6.005939	2.169919	3.719788	0.461075
6.058192	6.277055	5.697551	0.407782
13.578401	1.615747	3.799534	0.403071
11.679684	10.006355	12.352567	0.439848
3.731029	1.889079	2.450336	0.393873
10.769935	0.376148	10.199233	0.301912
3.896627	8.667145	8.256348	0.429904
4.820802	0.763182	1.644235	0.414123
10.030405	8.527805	3.475467	0.456154
14.195089	8.225874	13.817611	0.492254
5.288661	10.936233	4.073669	0.560231
10.738131	9.993362	2.261050	0.759142
1.119240	4.704662	9.037242	0.593015
11.032659	2.936071	10.195500	0.554825
8.214478	1.287135	0.055714	0.429082
7.105529	0.489459	0.690870	0.444401
7.042629	3.555854	2.102743	0.654806
7.180451	11.782350	13.063307	0.505488
9.107778	13.367635	3.305943	0.455033
6.509265	6.377172	9.562988	0.398546
10.644055	0.852628	7.297186	0.448117
12.618597	11.618777	3.727755	0.434834
13.660905	8.300257	5.023650	0.691450
5.857302	3.939897	6.366630	0.398544
1.176676	12.786556	3.042578	0.391175
1.179198	0.645805	9.849445	0.406389
14.189370	13.877920	6.432242	0.368078
12.376228	11.913928	4.978960	0.421344
5.803605	3.702314	7.010272	0.269066
1.662649	3.502195	12.203601	0.552705
12.172187	1.811392	13.089627	0.353360
11.724378	3.110927	6.879203	0.517758
7.783466	3.601534	10.230888	0.513166
2.476514	11.293869	3.542342	0.476077
3.227722	5.738031	0.843664	0.343470
8.331551	9.003967	6.771073	0.623513
2.714983	6.692167	11.341371	0.563958
3.406724	2.677511	4.522361	0.663677
12.783249	10.765797	11.204618	0.513988
0.270434	9.979014	10.587529	0.421690
9.193651	9.277510	3.742145	0.345851
6.907247	1.769642	3.081928	0.428360
0.627291	2.150125	1.722833	0.491922
13.525271	2.559615	5.911534	0.496110
1.789498	4.913953	1.031401	0.392649
6.668690	9.578092	12.499665	0.378893
0.936195	3.542486	4.437642	0.548727
6.273881	13.995058	8.581713	0.422628
5.555490	2.490129	11.681887	0.444110
3.636352	1.373877	1.378510	0.499250
4.475272	10.284304	9.402012	0.402061
5.561358	8.017370	3.954988	0.691206
0.647926	10.861737	8.471582	0.469177
4.278794	2.638728	8.163200	0.522837
2.893208	8.829534	0.459501	0.558664
7.302466	5.315992	10.923336	0.505912
2.627316	11.940845	4.823943	0.495281
4.914520	4.465879	13.781667	0.622583
10.763107	2.333655	6.149474	0.710471
14.034339	3.779134	6.478784	0.356145
7.011273	2.024551	5.025839	0.584917
3.584491	9.632932	12.645600	0.457425
8.797494	0.498184	10.396207	0.436594
8.890546	2.809628	10.458600	0.621943
2.655310	1.524839	1.728815	0.468845
7.026953	7.128436	7.705429	0.469471
1.048348	4.429823	3.006294	0.401131
1.413418	6.671008	6.471006	0.492619
4.283551	6.659842	10.138709	0.316623
10.742025	10.793792	7.398419	0.416467
11.164930	3.192368	2.443578	0.588402
7.888929	13.470386	3.432226	0.546066
5.375048	9.911610	9.655519	0.383491
0.439166	12.420484	4.585062	0.535552
12.710376	13.430799	0.622394	0.582389
5.514289	11.799069	8.309337	0.540690
10.717950	11.951503	10.925550	0.508751
9.559344	12.225186	8.928536	0.440823
4.373043	3.527799	3.644312	0.634558
1.571656	8.500055	2.894917	0.469625
9.414392	9.533003	7.047270	0.455933
5.719315	2.138980	10.004309	0.538071
14.116560	10.200846	5.928953	0.519804
3.261708	8.807085	11.971959	0.393194
6.889846	12.166024	0.416319	0.455610
8.581482	2.623006	11.996687	0.341600
1.261025	0.687771	6.772286	0.412414
9.039912	6.918678	6.957103	0.625780
9.449261	5.991394	2.104773	0.562837
4.833679	2.776714	0.025341	0.423592
6.639816	12.507660	10.639426	0.556494
9.765372	3.980445	0.051269	0.378542
7.444812	9.692781	13.037570	0.419840
2.705745	2.978219	5.659603	0.462257
8.934451	1.603178	8.554923	0.654134
3.347117	4.654663	6.125252	0.449993
1.559309	5.498474	13.375000	0.334579
4.361339	0.573368	8.313656	0.397709
3.716178	6.659625	6.749762	0.405687
13.914357	4.603435	13.670310	0.577626
9.888218	14.029604	2.932907	0.608347
4.611411	4.397493	10.735854	0.519400
10.322461	4.343381	12.342744	0.619285
2.795340	5.706078	5.511562	0.520986
11.556408	9.874394	6.105081	0.675329
0.837021	2.914440	13.507038	0.437825
10.539636	10.470119	0.778087	0.438717
2.701932	7.117280	12.798789	0.654184
0.506710	2.898482	8.158265	0.443305
12.389903	7.631661	2.697458	0.388302
2.165224	10.053794	10.397395	0.592150
5.815825	3.373676	13.297450	0.326822
12.412942	13.788201	8.147328	0.432194
11.836771	5.778128	9.214894	0.551381
5.568953	0.178908	13.391327	0.479522
7.637480	10.845887	3.455924	0.593025
12.452024	12.876352	4.785677	0.351070
5.760808	9.444199	9.106755	0.349842
13.147614	2.770778	3.917997	0.516983
14.292312	11.826232	10.583534	0.527010
1.744141	9.538770	8.987567	0.583846
3.322116	5.880490	12.071918	0.445246
13.449820	4.806705	3.731477	0.438326
12.158926	0.328100	14.033873	0.559272
13.604792	6.317586	9.774689	0.293854
3.869770	13.609266	4.477658	0.447652
0.274707	0.661888	2.079875	0.712685
4.814482	6.299058	3.544128	0.392988
8.523017	8.602279	8.522144	0.399412
12.536837	10.437630	12.914224	0.575240
5.314009	5.328893	10.632369	0.509476
1.365733	0.018235	1.273796	0.623582
12.710163	8.001848	9.227890	0.589631
12.954404	9.417907	4.460360	0.612983
11.746676	7.568710	9.316030	0.456389
0.762042	11.495077	9.319302	0.474164
7.458317	11.224568	0.354280	0.576962
3.698875	7.185146	13.825633	0.400696
10.687961	8.424697	2.624399	0.302046
11.022420	7.939725	11.818168	0.340111
13.147110	9.984915	8.363426	0.573042
9.993187	2.808649	9.663463	0.407273
0.015485	13.683229	9.479285	0.532304
8.248366	12.219691	3.698923	0.504615
2.738880	0.100741	6.417798	0.574759
7.181913	13.556906	8.550585	0.573270
8.051691	0.807792	0.888412	0.413507
6.761337	2.559927	3.942511	0.410512
14.278057	10.999283	2.746205	0.452491
6.256912	2.749164	1.443977	0.460691
12.801813	3.861838	1.055099	0.392800
4.962872	3.340354	13.564479	0.269667
11.113442	0.497640	8.201589	0.535531
0.869337	6.626048	1.426734	0.426388
13.849039	1.203526	14.076883	0.500485
4.415576	5.295101	14.208160	0.405831
14.145568	0.010641	0.968096	0.563675
6.963368	12.297698	9.551267	0.467797
0.475657	9.164697	6.179544	0.559334
1.158723	3.912910	14.056570	0.549000
12.091747	10.707250	6.362633	0.327378
6.379106	11.488631	5.935154	0.451691
8.908995	13.047310	11.892997	0.634514
6.810736	6.322434	3.597909	0.414568
9.774664	11.198236	13.610260	0.596451
10.023282	8.435012	9.842090	0.662072
14.240343	4.851699	1.299053	0.462902
0.343997	1.517564	8.141936	0.730710
2.879711	5.227773	2.937597	0.539901
0.264374	1.361024	3.168127	0.556374
13.960204	13.821556	3.956359	0.548129
9.702417	3.841765	11.638390	0.309422
11.750507	2.185063	5.163461	0.467748
10.998044	12.375784	2.126516	0.608276
9.973654	9.376241	7.648687	0.342558
10.995706	7.755217	14.063928	0.497495
12.235710	5.562411	2.059503	0.503982
9.914170	1.542896	7.000187	0.522841
5.258603	10.651366	12.929042	0.508571
2.151726	3.874424	7.585334	0.411212
7.572147	9.648528	14.073027	0.496166
0.890475	13.158031	6.657355	0.416270
3.260873	13.695643	0.397472	0.677655
3.347331	7.689000	4.970871	0.635623
2.800044	9.035020	4.350018	0.563522
5.503318	4.928859	6.523851	0.604890
3.222218	9.663458	13.758417	0.665038
1.812486	13.627633	12.689796	0.681448
13.293016	6.649843	13.218983	0.572280
4.850411	2.980683	5.554952	0.591488
6.397423	11.754061	6.690992	0.289850
8.788082	0.098824	9.524176	0.513117
6.070420	13.362477	1.550913	0.399938
13.765368	13.053273	11.755678	0.365744
0.154990	6.947884	0.066711	0.291394
7.489554	1.976807	6.232574	0.650911
12.121754	12.394272	11.776837	0.497970
2.823179	1.793479	11.801148	0.428690
13.935600	10.887122	8.024698	0.553584
11.657817	12.993723	6.585673	0.411860
2.654498	8.236351	7.169316	0.482887
9.208922	5.503789	13.531045	0.366579
11.485145	7.285821	11.215837	0.567099
13.379929	7.349456	2.993158	0.527792
11.805339	10.839469	0.884995	0.382337
8.807372	7.934994	6.227895	0.541781
7.902126	11.522900	11.429465	0.489130
6.124365	14.229050	12.068580	0.429997
10.573530	1.621664	14.203410	0.474124
5.645465	10.491551	8.419042	0.757115
4.239682	12.162388	10.240610	0.455352
1.667924	8.598249	5.130389	0.599527
3.774410	12.950342	13.320706	0.431560
0.246283	9.893859	4.011581	0.554494
12.303677	0.276539	3.333943	0.463841
7.442755	2.763506	2.937948	0.536852
8.002863	6.798718	10.383384	0.497971
3.278205	5.249623	7.254805	0.400347
8.779006	10.371127	9.714693	0.512379
5.009706	6.117743	9.165923	0.373012
3.207928	5.963879	4.104453	0.554352
1.201090	4.707013	0.347115	0.381939
1.515125	10.418337	0.450264	0.442782
10.591241	6.604447	11.356619	0.420228
6.099408	12.319742	0.002811	0.443206
4.195348	10.626390	4.660940	0.514285
1.592276	10.833610	3.439393	0.476259
5.779832	11.515140	10.765304	0.648823
13.863314	9.869492	1.432778	0.320972
4.779722	1.449056	10.256837	0.620952
4.643878	7.171392	13.595924	0.506751
11.655495	4.892067	5.984975	0.483820
1.072852	2.603415	12.408454	0.507232
0.665329	13.235383	13.905911	0.557772
6.791598	2.199298	9.013518	0.433625
12.685125	6.431605	11.432047	0.636210
13.231833	12.080409	14.268039	0.457824
12.981494	12.696264	3.949357	0.562566
5.270211	6.505079	5.357959	0.470089
0.583140	14.253676	12.936407	0.594468
3.362365	8.757772	1.582141	0.444005
11.846646	4.994742	10.106291	0.567350
6.852221	5.461851	7.623523	0.449975
10.589141	5.158975	4.641655	0.549985
12.833677	2.626214	9.667666	0.437134
9.029015	3.380264	9.539781	0.463921
1.223486	12.294573	6.135833	0.482634
7.254311	0.734766	8.687622	0.464858
11.886722	7.957112	14.245429	0.418510
4.267968	1.858820	13.253508	0.587435
5.739909	9.779941	3.652937	0.424234
9.616570	13.199169	2.048058	0.624464
5.126886	2.396371	3.225270	0.391732
4.204001	2.150578	12.170365	0.427260
7.651707	0.309702	1.695084	0.592529
7.659299	0.395816	3.920382	0.635073
10.052923	13.032723	12.766254	0.717948
11.356916	12.477418	4.376678	0.508154
7.584353	12.417056	12.207681	0.451264
13.129008	0.347510	4.122309	0.587688
9.405260	7.478435	9.916868	0.412689
7.311854	11.799292	13.936808	0.339114
0.276752	10.301016	1.826678	0.502967
5.380123	11.259477	9.708969	0.292202
4.766609	4.454361	3.038233	0.419286
2.046704	6.010747	6.843339	0.358848
13.813237	4.604107	5.553360	0.457291
9.475896	7.431778	12.478746	0.506347
6.752044	4.274711	6.414540	0.415983
4.530450	3.540549	0.026600	0.397217
8.538043	9.156873	9.812445	0.445319
10.455602	1.171846	1.516694	0.413910
13.937320	0.168316	4.922376	0.525183
11.304812	8.508027	6.686192	0.428920
0.815682	1.228674	5.098221	0.523404
9.349414	4.893102	12.713560	0.557323
3.996693	8.534834	2.880141	0.447056
6.956252	10.271119	0.242118	0.473483
4.459738	6.838728	9.207082	0.504169
6.889738	6.997199	6.092055	0.447672
10.698033	4.518283	1.477652	0.622772
5.451629	1.096413	0.689114	0.375593
10.131885	11.940186	9.643736	0.494176
7.489086	9.483874	3.235106	0.572360
11.317858	11.367408	8.057831	0.607180
10.670988	13.797057	0.009499	0.562487
10.462589	10.026871	6.738700	0.591278
9.709630	1.850610	0.894631	0.681637
7.557219	8.367330	9.035958	0.530311
12.114630	7.917503	12.083247	0.671271
11.436224	7.681129	1.304161	0.554464
5.548291	9.620308	0.317839	0.548969
0.579891	0.000566	7.778383	0.711980
1.575481	1.992723	10.972087	0.624043
11.799987	4.122058	13.761104	0.527021
3.192025	3.310708	9.186867	0.347282
5.375983	1.996253	1.434590	0.604488
4.554488	1.976359	6.363419	0.699428
3.084067	9.301017	3.499699	0.353226
4.802406	0.362174	9.252979	0.569893
3.497093	11.700322	3.158013	0.647307
8.222545	6.072030	12.130321	0.331884
4.868272	8.109336	10.036136	0.519813
6.474486	11.311059	3.365817	0.471998
11.092477	8.130671	5.554958	0.482725
12.880473	0.375602	7.615289	0.456928
8.773368	5.538577	0.065624	0.529441
1.237900	13.828705	10.058882	0.589191
10.547523	10.101910	14.278074	0.415257
8.302430	11.333272	2.330270	0.452878
8.176110	4.074591	9.128669	0.570199
9.781417	4.439652	6.447191	0.434968
8.342965	5.141595	13.420667	0.492622
8.958207	4.773991	8.637941	0.461380
5.591703	8.233055	7.816948	0.469401
0.748720	3.384465	12.796532	0.310457
10.554375	3.807804	13.458573	0.600038
12.558168	10.328551	3.169193	0.506189
6.304165	7.774101	7.171302	0.529442
11.863685	2.524087	9.456221	0.497218
10.621986	10.808479	5.920852	0.501690
0.239930	2.068383	13.994494	0.567153
10.770195	13.579663	6.813556	0.501493
13.778166	8.456468	12.054724	0.490800
6.682646	0.140223	1.570889	0.382032
13.958925	8.008659	10.816584	0.460065
5.736765	11.289372	13.459662	0.441832
3.558925	9.108832	10.966269	0.494373
2.451559	2.958624	7.840974	0.526947
6.588766	10.036031	10.193278	0.681301
2.442349	6.868088	3.438675	0.405930
5.487623	14.168103	7.333240	0.575982
7.808867	4.171117	5.643956	0.652565
2.249753	0.875473	11.484079	0.605328
12.846136	11.706440	13.391299	0.522867
4.413329	0.653222	4.721707	0.482505
7.772374	1.746711	10.243070	0.459359
0.597351	1.812814	9.929609	0.585323
2.525100	5.762552	7.508159	0.487215
9.556685	0.493237	7.933649	0.362310
12.113344	12.419033	10.057119	0.305722
8.719177	2.538118	2.874816	0.687975
7.666724	13.527208	0.835841	0.664894
3.110152	1.890069	3.706550	0.420451
3.252573	3.794007	11.326174	0.552556
11.855548	13.529059	1.705147	0.505385
1.122878	12.420599	11.467402	0.855610
2.565296	10.299277	9.184868	0.537636
13.867002	8.958834	1.597329	0.599617
13.706033	6.322452	12.110313	0.305832
8.760072	7.120392	9.028392	0.608341
11.048519	2.928785	5.082497	0.452872
12.283697	0.482549	1.810683	0.557214
5.863562	0.799133	12.729644	0.389308
10.257329	5.630069	11.696461	0.578575
1.798410	8.548682	6.295553	0.510992
7.387168	9.382621	1.379443	0.493036
11.374372	4.169088	2.247465	0.373924
2.315038	5.505594	12.047578	0.606521
5.049309	12.685014	2.171186	0.421924
10.299206	7.369097	7.071205	0.479964
6.208463	1.403917	8.580571	0.561403
4.146860	13.398038	3.339178	0.493969
6.530028	0.264087	7.155528	0.387557
3.743939	0.617384	6.099233	0.584653
4.391580	11.322827	0.751553	0.784806
13.012997	0.109334	12.311975	0.457433
14.059050	12.273244	11.461384	0.477336
5.909463	9.618686	11.147310	0.414687
13.874524	0.595243	6.892337	0.595283
6.380883	5.280805	5.348762	0.493497
1.898820	7.479188	2.316082	0.672831
0.926265	3.126507	7.023918	0.484216
2.085248	12.712650	0.392519	0.422968
14.263416	3.490094	7.548776	0.548592
9.570457	4.420717	1.464682	0.465119
1.250246	7.476228	8.970175	0.443639
11.043631	2.281006	9.466638	0.344143
8.531096	5.803438	7.595576	0.436955
7.803295	12.007513	10.376309	0.304992
5.208212	1.041593	5.513032	0.700161
0.338422	9.723047	8.862574	0.480971
3.249638	12.115995	13.915570	0.698243
12.193443	11.162649	14.045518	0.467850
9.963553	3.348904	10.736714	0.580283
11.754736	2.595569	11.115514	0.421009
7.849626	6.102385	13.404179	0.548031
2.988071	11.000089	8.414242	0.538863
13.770081	10.665091	9.963370	0.639012
3.146985	12.208694	5.795389	0.357191
9.195651	0.779725	13.926964	0.511750
9.033957	4.642484	7.528487	0.566318
4.449163	2.741635	7.302269	0.307240
8.344696	9.273151	0.836733	0.525051
13.681156	8.527385	3.691746	0.652757
1.591855	11.085189	1.262573	0.574867
2.328380	1.436796	0.208186	0.408341
4.749435	12.925742	4.133774	0.480219
3.423869	6.729262	5.925604	0.454364
11.717017	13.880472	10.440869	0.822755
4.085283	9.847642	8.735538	0.481909
5.876415	4.056436	8.863620	0.453240
9.858892	0.478056	0.298540	0.376459
6.244666	12.791597	7.971963	0.631581
13.326258	5.672497	11.736772	0.394136
10.420714	13.638754	7.875483	0.475795
4.092075	5.625563	9.884610	0.742047
7.366417	4.646829	9.701177	0.431727
2.214561	4.746302	5.046214	0.458266
8.184483	1.157421	10.836336	0.402996
7.266343	12.281099	8.480072	0.563230
11.526265	6.214071	1.055896	0.563336
10.555527	4.935729	5.809465	0.554110
5.882872	12.340901	1.057067	0.561127
3.625577	7.786023	13.520894	0.275239
13.935975	9.700482	4.825248	0.470459
14.248918	9.972297	8.266311	0.240717
14.000502	6.966172	1.169150	0.513756
6.280414	13.875725	2.346910	0.495641
8.167466	10.008662	4.165378	0.487741
13.779366	3.109009	9.006968	0.504447
5.036933	13.632432	6.337830	0.499357
5.831956	4.625933	12.428920	0.547915
9.805097	3.040588	3.226694	0.494153
2.905201	10.480370	12.855485	0.577370
6.309188	12.551819	4.042121	0.650977
3.984942	6.881020	12.726270	0.425185
3.862657	12.604801	9.313919	0.533642
6.167422	3.033826	6.110721	0.568656
10.354383	11.348133	11.583540	0.427062
3.383179	5.069462	11.236871	0.669003
9.310980	9.130186	8.830860	0.494104
6.768442	8.226581	5.149841	0.637360
1.461235	12.392400	13.946996	0.581349
0.834396	7.626902	7.022914	0.604064
3.811261	10.362609	7.773903	0.377919
3.791788	12.064788	1.649588	0.466493
5.948696	2.367886	2.458268	0.600857
11.106014	10.838050	6.648026	0.327238
5.406305	11.069634	12.033484	0.444907
0.169762	1.489643	6.259972	0.407822
4.367508	3.455608	13.079174	0.471071
8.418940	5.554012	2.992124	0.562391
1.961360	4.851752	13.645275	0.411400
6.471108	7.533521	1.885003	0.625243
3.135336	13.852880	7.858863	0.540600
8.121938	7.386629	5.115629	0.396002
6.120138	3.184185	9.450508	0.585707
5.588481	0.583192	14.294135	0.462128
0.090551	12.908644	5.680492	0.685774
9.401327	6.066190	3.713088	0.425497
13.642003	4.913372	0.381723	0.500584
3.668527	4.039436	12.332904	0.477666
11.472708	3.201874	14.219841	0.461458
7.253686	11.710613	4.156718	0.538631
8.032322	3.526848	11.509638	0.457580
0.329273	3.170695	5.828366	0.278023
3.180896	7.511286	1.729259	0.578943
0.157221	10.434906	13.915180	0.392524
2.565551	11.483541	5.896160	0.554779
8.663713	9.968264	11.057411	0.477814
8.504513	8.094146	2.828697	0.510613
3.143937	0.064527	10.826446	0.448006
5.149403	12.365789	11.128001	0.434056
7.292618	4.564054	11.838554	0.660316
2.601878	2.390489	2.552665	0.605667
13.121168	0.937324	12.344048	0.369635
11.206458	5.986665	2.957608	0.327239
3.946229	6.315122	3.127954	0.467394
5.631877	12.132522	7.052293	0.524460
8.833197	8.937013	11.443008	0.500051
6.515159	0.393200	10.602963	0.600595
2.717784	12.259998	2.717802	0.377561
6.407173	6.405440	2.493091	0.557143
2.150057	1.674571	12.613013	0.525616
10.953027	6.893138	13.353012	0.517269
3.298813	2.035965	6.065921	0.365226
6.868631	10.381248	1.326851	0.583257
12.310281	1.832156	8.616590	0.462111
11.257428	11.912986	9.775306	0.541170
4.995768	11.000948	5.730801	0.826345
13.867938	10.094164	12.948633	0.579517
6.401694	13.158645	4.962994	0.416761
14.279150	2.458307	6.605953	0.454135
14.059362	9.652303	11.685834	0.729163
12.710979	6.334037	9.949740	0.385539
1.178502	13.421070	5.876145	0.440318
10.373615	14.005533	11.252327	0.439807
5.433140	6.192760	0.474160	0.361635
13.659596	8.895450	9.259588	0.582626
10.749165	3.582624	9.022928	0.538712
7.232885	10.633877	6.481674	0.519307
8.619055	12.969749	9.377365	0.567649
3.594321	4.861802	14.285698	0.479490
6.674396	3.739497	12.581257	0.429089
3.538440	12.239973	8.322062	0.521782
6.045120	3.718119	0.307006	0.305306
9.388569	4.716059	9.703337	0.579994
10.675777	12.797796	0.840957	0.645798
8.903577	8.585900	0.263099	0.375897
8.933473	14.032497	13.122921	0.572635
11.859695	2.778466	11.987332	0.412159
8.512613	12.896702	0.372332	0.482824
3.238951	0.320684	11.597160	0.358234
9.511307	5.448584	7.651408	0.355445
4.920871	4.838112	7.711591	0.586069
11.690063	5.036468	0.606997	0.615305
9.758256	14.161298	1.988533	0.329242
6.338817	4.818783	7.116116	0.386795
0.641704	7.994593	5.735573	0.608143
9.612858	4.606627	10.978391	0.622451
0.560666	5.445927	7.103153	0.640976
0.547112	10.749391	3.364223	0.388934
1.796395	2.929682	6.674508	0.459895
1.430697	3.074315	7.917725	0.418275
10.796026	0.583876	2.350053	0.464414
8.828892	2.546428	7.451303	0.654572
2.460483	12.325743	8.979098	0.472199
4.288837	4.470455	9.169126	0.588984
7.014606	0.161075	6.539694	0.317082
1.322381	8.406921	11.002865	0.509270
10.871859	2.214266	3.176084	0.582783
11.203844	3.311128	3.948307	0.432866
3.704653	1.928313	9.250422	0.547962
7.985993	10.259005	2.176133	0.633877
10.435976	7.965879	13.211523	0.465936
6.289877	5.194972	9.902286	0.537529
13.506886	10.430298	4.094324	0.593657
0.958185	7.271858	14.057856	0.556343
2.289568	13.314421	6.964994	0.498263
5.773942	12.392294	5.606088	0.633723
7.384572	8.498234	0.606773	0.609282
13.678971	14.051958	13.980310	0.718536
11.679751	12.032096	1.389764	0.437973
2.849346	10.038572	11.460761	0.570376
0.265340	12.317502	3.507940	0.503518
4.399468	14.230666	4.031444	0.467194
6.450344	4.560361	9.283206	0.353775
0.385676	0.776180	9.228409	0.291873
0.108527	5.069172	5.115239	0.295534
8.022459	10.877081	1.254433	0.353826
6.973064	10.147342	5.273991	0.456463
4.197914	11.715793	4.105444	0.462459
6.036419	6.394063	6.896060	0.585566
12.623849	4.804289	11.628570	0.459902
13.422733	6.749759	0.312981	0.505776
7.473169	2.185230	3.947390	0.376258
1.751328	11.158532	6.766718	0.622580
1.942633	5.116941	3.272870	0.451345
5.717740	3.070083	10.715692	0.559491
13.495992	12.861375	2.288789	0.591834
3.163718	6.886448	8.208701	0.455089
12.092075	13.744320	12.589139	0.498193
9.811070	9.248246	0.770174	0.527908
12.550083	6.382422	14.124784	0.522883
2.928856	3.567800	3.830773	0.475934
9.313941	0.159646	11.917546	0.619275
7.011313	4.689264	2.597695	0.578794
10.738867	12.325385	13.969142	0.551390
8.922955	10.712021	1.473241	0.586475
11.186394	9.408685	7.400245	0.511936
6.593264	0.360398	14.066822	0.539515
8.703407	3.621587	7.945736	0.408362
9.110060	8.051588	13.561223	0.717154
11.835525	7.203021	13.643168	0.435078
9.804719	0.546904	1.532368	0.480670
13.794215	8.327847	6.482191	0.708187
3.648773	13.595071	8.952310	0.418009
12.157923	3.127448	4.861312	0.548127
4.435521	10.892344	2.372452	0.532386
10.330464	7.405454	4.900409	0.607844
13.168373	1.316803	8.122102	0.604403
13.238757	4.519407	10.510892	0.462776
13.192112	5.212768	5.807304	0.397434
1.913226	4.046615	5.632978	0.448468
2.919711	0.358442	12.868556	0.517747
5.385849	14.187344	4.706100	0.528979
13.408717	0.749330	1.324852	0.500277
12.541364	4.736366	1.418734	0.535789
13.933733	4.605544	11.589085	0.652188
2.178957	11.864638	0.627422	0.461630
6.378174	6.284816	8.654431	0.377241
10.267391	4.647277	7.741406	0.432743
7.006488	10.761632	11.060746	0.523256
8.499308	13.986797	6.914235	0.407181
11.607143	13.944388	5.157892	0.445777
11.072708	13.483266	5.697944	0.311274
1.919681	9.433864	0.063557	0.398792
1.589700	8.521314	12.898776	0.496195
12.629866	13.068825	11.086301	0.297409
5.238292	6.570024	4.348986	0.452972
13.711097	12.848078	13.869035	0.419811
1.165233	0.726814	10.817985	0.551500
14.144935	12.989096	7.562153	0.686934
8.277792	1.645377	4.076345	0.486872
12.806212	0.062756	1.070140	0.411592
10.017092	3.990770	9.526719	0.364395
3.133313	13.332009	9.933459	0.559267
13.072584	5.079110	9.580595	0.473686
5.499122	6.736376	12.788560	0.665167
10.835629	9.733575	4.311034	0.509228
7.704401	5.485704	14.212387	0.414659
14.042018	5.564372	9.384677	0.558933
6.939241	7.169356	10.137932	0.637225
8.515695	6.446397	2.824230	0.282634
11.064694	11.411194	12.158976	0.475311
8.623963	11.593231	10.334651	0.578906
9.469771	3.799990	8.655525	0.604626
3.903897	7.016956	4.218516	0.495428
7.193833	4.513566	7.327424	0.444582
1.447652	7.716645	10.073678	0.580651
10.444713	0.221553	5.796133	0.353546
5.240876	9.669659	2.016709	0.458737
0.377665	8.629788	7.539760	0.481580
3.036275	3.211825	0.284950	0.297407
9.191556	9.986582	4.199918	0.470857
0.433018	6.474195	6.224817	0.493734
9.469334	10.380059	0.363624	0.549418
8.193400	4.323220	4.158040	0.357129
6.374242	0.150501	4.227567	0.533775
8.208628	11.581340	4.951610	0.412638
10.637717	12.408049	12.091715	0.160895
0.158377	1.410462	9.197951	0.296808
3.086712	0.499510	8.211390	0.431361
5.204142	13.079850	3.320330	0.336279
7.588997	0.389118	7.545282	0.629167
2.313462	3.899727	0.546671	0.661902
8.968692	12.848657	1.239130	0.442967
12.289981	7.969484	7.195807	0.494107
12.911862	9.196335	5.730044	0.666964
9.402671	10.980454	2.675298	0.628569
5.144031	9.397550	10.368696	0.302112
9.130760	11.190802	8.512971	0.582250
7.167581	13.559235	13.893382	0.487945
6.869224	13.303741	3.352794	0.428244
5.690760	8.595124	12.784868	0.500562
2.415149	5.374862	6.401840	0.468337
10.920848	3.062261	11.478298	0.540781
9.360725	11.864641	1.574937	0.594996
3.185873	1.923297	12.801221	0.438243
5.958113	1.534694	4.774675	0.457654
12.422669	9.195955	2.703911	0.511720
6.666547	7.294567	11.318411	0.530317
3.667049	8.376840	12.999321	0.289014
4.211180	8.079477	8.968680	0.508060
9.685148	10.330165	7.761017	0.536361
4.900348	8.812196	7.846009	0.398510
7.498403	12.829453	11.196093	0.493440
5.292936	7.030468	3.312862	0.444083
7.636844	3.161937	8.017049	0.570751
7.435133	5.907928	9.876667	0.645814
11.670876	5.939797	7.763913	0.619209
3.054533	3.559725	1.548684	0.611048
13.881954	5.836184	0.942084	0.470852
13.575426	4.124569	9.596229	0.509097
8.769521	5.047058	1.758031	0.589515
10.264664	13.187071	11.479976	0.381372
13.566831	1.882780	13.141541	0.619929
7.070051	11.987657	11.444574	0.434537
6.860729	13.589714	1.406625	0.301549
9.218343	4.087469	2.819460	0.717113
12.305523	13.367309	3.074144	0.643305
3.051901	13.098400	4.034754	0.588918
2.134748	14.059526	10.665669	0.510490
7.433123	5.805646	3.056322	0.453124
11.462741	3.992607	10.080969	0.489921
2.907467	3.743412	7.574736	0.351693
9.070898	6.654999	1.494117	0.320425
9.144879	8.727632	4.283985	0.426027
13.462508	1.850096	5.007881	0.573009
12.763968	8.063143	13.040867	0.382360
7.335343	7.517184	12.119180	0.502879
11.676768	9.708219	13.327257	0.561462
7.967780	3.213144	6.806747	0.548474
7.950735	1.327283	2.901997	0.655839
11.002730	0.614605	13.626936	0.648331
6.540755	11.436951	13.878518	0.469252
12.148914	8.372056	2.974606	0.359214
1.777345	0.524078	12.567018	0.457904
9.892783	10.624503	4.799613	0.564307
4.746166	9.946149	4.049314	0.472632
5.695025	11.051892	7.122314	0.492983
1.472448	7.206505	3.411086	0.519934
12.726930	12.992569	10.098832	0.486913
9.164583	3.372882	12.853430	0.620265
3.875196	5.997768	13.706965	0.538503
12.976389	7.313718	10.377863	0.551901
0.346393	8.246091	12.826213	0.585701
2.759448	5.334455	12.847599	0.312902
4.649031	0.350238	10.887021	0.418933
5.992731	8.176580	2.488969	0.366940
2.602780	2.874809	9.833591	0.503406
12.793455	2.944214	1.568689	0.445875
1.355865	5.979071	14.124747	0.550846
3.850879	4.002883	13.424953	0.327249
5.041260	7.670503	12.584589	0.367775
0.170852	6.927237	5.295765	0.491301
1.604413	1.303338	1.314897	0.624169
1.123674	1.391740	13.150018	0.590874
0.137746	2.323698	4.152268	0.583592
3.080482	7.463927	9.208759	0.489076
6.920167	3.421897	3.996145	0.460706
3.535356	3.245478	2.692596	0.658896
3.967994	4.716436	4.454284	0.543759
5.033791	6.430471	10.714859	0.461277
4.529106	5.290826	11.113941	0.400686
5.850740	8.756543	1.606019	0.383140
11.364418	1.535261	13.137180	0.355542
4.753566	12.732383	8.403086	0.489498
9.698537	5.723595	10.590881	0.492889
4.946722	13.638016	12.899007	0.504404
1.104385	11.636700	2.504891	0.803630
1.481839	2.393759	10.006407	0.412541
12.285392	11.456269	12.468846	0.494171
9.220780	13.704731	4.268404	0.534543
11.462221	11.977558	6.053919	0.479255
5.027670	10.299385	3.024924	0.525378
14.033893	7.076365	6.749483	0.361136
3.487018	1.137424	12.243877	0.561196
6.726260	1.990107	11.220178	0.688256
12.113594	12.335747	8.529152	0.698554
2.650672	6.772801	4.739369	0.506501
3.255384	10.034558	8.647334	0.331100
11.017133	1.102482	4.313662	0.589892
11.335295	2.684148	8.347192	0.472951
5.946317	6.554228	11.102354	0.455314
5.213056	8.421520	0.552257	0.638769
0.041821	13.093167	0.784693	0.581504
3.717206	10.415269	3.372153	0.658096
4.421643	1.787601	0.493436	0.554022
5.941060	5.618672	6.130552	0.293093
6.438793	13.369127	0.430678	0.575498
5.094813	12.993596	7.364982	0.424750
9.633004	4.842341	4.929076	0.475413
8.675505	7.008437	13.135086	0.443980
0.910175	4.687550	13.039464	0.623507
10.652139	6.932954	0.863287	0.547619
7.853496	5.216632	4.829747	0.648048
8.377890	12.988908	13.392636	0.590355
0.385953	9.648941	1.075916	0.448013
10.174933	0.906567	10.971360	0.673049
7.880908	5.236709	2.194407	0.375521
13.883208	11.526014	9.195020	0.383363
1.168660	9.746805	1.732851	0.385440
12.935826	8.587084	11.177562	0.672491
0.824951	12.436495	10.203930	0.398351
2.320712	7.302274	0.331642	0.568816
13.627868	13.952555	11.589547	0.548943
12.320053	2.592544	13.688681	0.486612
11.976357	1.862422	6.371905	0.593046
6.525842	3.392229	7.007232	0.412061
0.284580	14.115270	10.444729	0.463192
9.161115	7.031543	5.433764	0.598699
8.013801	13.141223	7.823852	0.554338
8.330862	10.422455	6.296234	0.557186
9.915140	2.318267	4.066120	0.546745
13.522289	8.748738	13.098187	0.600781
3.846951	11.171976	6.236909	0.430939
11.694455	1.770517	11.368522	0.337112
5.934610	3.520786	2.179898	0.387122
2.248551	13.887476	3.117174	0.558975
5.471426	4.964538	2.910167	0.439792
4.036176	7.435463	10.479978	0.397841
8.212344	9.694571	12.246861	0.558383
11.043010	0.116099	11.454000	0.327752
5.659160	2.054396	0.284635	0.559476
3.147918	11.772002	9.868417	0.448190
9.179925	6.868217	10.636133	0.540206
2.142357	13.769531	1.881798	0.453617
11.976734	3.457746	9.326733	0.387080
1.924815	2.733853	0.009481	0.402561
12.683446	5.786586	0.873031	0.647494
8.527039	8.336969	7.534863	0.364982
7.386621	1.019569	11.543458	0.465654
13.730095	13.745754	1.794776	0.421521
10.558497	4.648515	10.263608	0.524613
11.701412	1.411767	0.100950	0.483476
3.558740	9.159228	5.229126	0.600503
13.747307	2.897592	1.249120	0.515228
2.847693	8.924134	8.480596	0.529742
6.820167	3.359895	1.154924	0.317390
1.811997	9.704575	5.467197	0.493408
11.299775	13.728191	4.261424	0.410652
7.538182	1.713273	7.879876	0.639570
4.429288	7.441056	0.293385	0.444274
5.281601	10.359570	10.968427	0.569535
0.662137	13.798128	4.806268	0.637782
9.258507	3.810600	4.097182	0.529336
6.579082	11.463122	1.034726	0.503320
8.361502	1.228580	6.510123	0.298482
8.535829	9.323872	8.371134	0.333149
5.590952	9.535760	13.385890	0.567565
12.033153	2.930473	3.701303	0.497019
9.308615	12.210234	6.345471	0.429330
10.643768	7.764633	2.440702	0.373906
2.319278	10.181978	6.377987	0.467752
10.265119	11.273449	8.409860	0.502274
5.547435	0.487257	10.028257	0.503929
10.627868	3.770213	0.627857	0.469377
3.933669	2.933349	9.370361	0.452948
7.886223	2.343281	2.142512	0.418215
0.208877	3.235712	11.651296	0.433815
6.153632	11.445129	4.907949	0.585209
4.273291	6.720615	5.204292	0.467962
0.713570	2.784399	10.402447	0.472093
5.251014	5.168768	9.370251	0.550529
7.145224	9.567732	2.251729	0.390668
11.609333	7.358103	6.557872	0.526936
6.635096	3.692472	4.797515	0.407946
5.333825	12.458277	12.160150	0.606421
9.409828	8.119722	2.480913	0.455563
13.437786	5.088385	4.672474	0.522140
3.630133	11.516895	5.066480	0.446233
0.552157	11.380582	6.243943	0.523827
3.907196	13.063240	7.612848	0.461209
13.085435	9.913740	6.640750	0.432207
3.610867	3.165619	6.474059	0.703503
0.727855	1.112048	12.028060	0.559839
12.724002	0.979187	9.540528	0.626940
0.867707	3.349046	3.338462	0.519544
2.177209	1.907996	9.689214	0.459760
7.476793	3.039930	5.891148	0.386331
4.882377	2.525939	9.370998	0.494618
3.736060	3.631561	8.512031	0.428973
13.185513	4.912771	12.245808	0.352340
11.575308	3.821112	0.717636	0.482095
11.468916	11.187564	1.808447	0.509375
5.623432	4.785483	0.746493	0.584469
2.040884	8.126280	1.176818	0.635364
12.331721	3.700481	1.839594	0.423404
5.169865	5.000360	1.911695	0.529210
0.023901	12.769408	8.825430	0.506131
9.875666	7.744612	9.067981	0.349666
8.911211	0.827392	3.856354	0.570114
11.392816	0.144206	1.049470	0.309464
4.703708	13.277526	10.575975	0.581711
11.894368	10.533849	8.677626	0.402384
1.541318	10.335656	12.341140	0.518512
1.533527	13.323491	3.934297	0.502666
7.452589	12.426543	2.940320	0.578602
11.048949	5.959401	14.028677	0.589891
12.499323	1.706482	3.999833	0.666079
2.244531	4.420596	12.678071	0.559150
4.602636	12.364721	3.268930	0.549145
6.033020	4.317762	3.323343	0.425101
11.147525	10.969728	0.126116	0.556679
10.457631	5.494126	3.585263	0.492020
1.737416	0.222420	5.258333	0.512949
11.803426	11.820347	6.884281	0.398849
5.238523	0.876673	4.223802	0.498397
9.036718	4.182921	5.515765	0.535742
9.969430	13.244493	5.984240	0.498028
0.469675	5.321706	0.633893	0.452643
1.283730	9.465088	4.523541	0.515547
12.540034	7.341435	0.702117	0.373361
1.867776	2.176565	5.707909	0.572470
6.813900	0.448230	2.943639	0.604293
7.641462	10.470742	4.767300	0.412396
0.264705	4.171724	9.631408	0.475158
10.282663	2.440467	13.321367	0.472420
4.375227	5.910853	6.266813	0.564772
3.473646	11.517586	11.014820	0.627963
6.503892	4.760501	8.314158	0.585135
11.081497	0.333265	6.393860	0.493622
6.440644	10.375715	13.693774	0.497444
12.178510	8.158073	1.815940	0.375406
10.956073	9.623670	11.414241	0.518592
13.984433	12.368268	0.198320	0.373753
1.141420	13.360309	8.019183	0.394979
11.265225	8.462332	13.358265	0.498650
13.459369	3.602705	4.763443	0.670432
8.438808	13.505143	2.236399	0.446147
4.718785	2.521900	2.383303	0.476716
11.413669	9.110983	5.201211	0.498547
4.243125	0.097690	2.474530	0.685065
2.184028	7.679088	11.413017	0.546250
5.280134	7.618732	8.965418	0.624109
9.950439	7.085671	2.022291	0.641778
0.943787	6.066280	9.791768	0.522825
4.650684	11.038349	10.189629	0.604838
1.849750	2.608841	11.824558	0.428749
9.668618	8.067274	7.916019	0.605705
4.175769	7.824890	12.203061	0.549103
9.745668	10.090117	10.555720	0.512088
8.391719	3.339577	1.816005	0.520267
2.228047	11.574006	11.372598	0.527770
11.543815	7.920001	2.441571	0.535944
11.878525	9.489697	8.521254	0.543207
10.611714	11.679561	4.810320	0.592955
7.877334	10.149755	7.405327	0.504147
2.338689	11.574911	10.307971	0.369007
2.193718	0.604220	0.457705	0.446646
9.366358	7.923347	1.505138	0.459056
6.406905	9.199918	4.817518	0.394621
9.702329	2.993829	2.177247	0.537657
10.548497	5.725691	1.430675	0.565191
12.442242	4.249533	9.699711	0.379998
4.704039	10.343089	7.316146	0.563801
9.487216	9.308704	9.823141	0.356135
7.295339	6.856332	13.736194	0.292333
7.424225	4.013202	0.695740	0.454736
9.129895	0.398091	8.589624	0.400341
9.056418	13.820091	10.400666	0.555287
11.193271	7.591239	7.713004	0.441813
8.630147	8.005452	12.043049	0.579138
3.341499	13.055859	2.401582	0.579430
6.475398	2.179273	7.036003	0.658338
9.792442	0.774096	3.363144	0.336413
3.498714	11.010611	13.957877	0.424961
1.324214	4.495471	6.840674	0.509280
0.621890	11.722438	0.226641	0.631617
13.618620	10.598009	1.688187	0.462647
0.675233	11.135424	10.029145	0.251332
10.028869	4.744698	13.780879	0.469300
10.133208	10.919707	12.549563	0.481757
7.165873	9.948517	11.761974	0.547230
5.001395	8.453352	13.705965	0.495257
7.887053	6.627749	9.205320	0.350702
0.175622	11.116686	4.875255	0.766481
11.046137	7.334069	3.299198	0.475653
7.869632	7.735203	1.763013	0.552540
7.213765	7.101581	5.105629	0.376208
7.114775	7.893055	1.425278	0.243210
8.144770	6.314187	3.747896	0.389258
10.136788	9.049275	13.601865	0.612569
0.725240	11.085895	7.451173	0.577438
8.141905	4.809183	7.904034	0.372493
6.369497	8.042620	0.121437	0.563887
0.412487	2.808835	9.257482	0.433915
10.304163	3.592461	6.094786	0.606432
3.974378	5.955972	7.647208	0.540086
3.021669	12.301069	6.896483	0.680019
3.418801	10.541934	10.081766	0.707038
7.586089	13.167894	5.821124	0.408154
11.932554	9.167373	1.423491	0.632794
13.602239	2.822943	12.316084	0.629888
3.606218	1.268290	7.053059	0.411268
12.219040	5.441015	10.983899	0.405148
7.114452	11.914749	6.711880	0.391017
10.616591	8.625255	1.544802	0.590554
4.206828	1.212565	2.853758	0.486964
0.784179	5.299583	4.703678	0.504847
3.500318	9.221366	7.153489	0.560091
3.629756	13.433517	12.564384	0.351151
12.053502	10.266842	2.026213	0.571853
9.394694	7.927570	11.023488	0.519500
9.496115	11.658267	5.269439	0.607693
2.654844	7.854786	5.892237	0.528486
0.617916	8.452371	4.409426	0.646826
6.379923	2.872495	8.251710	0.662501
1.163531	12.835108	9.531718	0.400409
3.718488	13.907551	6.841550	0.547401
1.630789	5.638117	2.388653	0.482024
11.305291	2.404782	7.426665	0.460338
13.002528	10.735245	5.731748	0.711045
10.048976	10.049135	3.947269	0.384304
0.067912	10.899710	11.602732	0.376971
10.727899	8.780174	8.449914	0.725898
12.840613	10.297136	13.941804	0.435685
11.201801	6.732929	9.935799	0.611094
5.431750	5.496859	13.124755	0.481855
0.229823	5.150926	10.349295	0.586462
11.574008	8.663884	9.308355	0.395008
6.942008	8.599974	11.985737	0.341327
9.716927	9.593514	11.513576	0.447945
14.151251	0.521534	4.038562	0.206410
13.662300	7.844468	1.766626	0.495054
5.843708	1.238719	10.651370	0.461579
13.151190	8.534863	10.085256	0.320078
13.397288	3.982475	2.071938	0.519140
9.742786	1.015300	9.759003	0.549930
8.062900	0.159256	5.099374	0.595643
10.861645	12.581452	6.605120	0.469789
3.619735	0.523006	8.897247	0.415538
11.829574	11.318000	3.218922	0.515998
5.602176	11.715471	3.439220	0.486566
4.601301	9.602382	4.984329	0.447236
4.296777	11.690820	12.811391	0.653677
6.557760	12.855734	13.415005	0.526512
8.674274	7.554893	0.467747	0.569529
0.486126	4.361236	5.335213	0.393975
13.340819	5.764443	1.807960	0.462396
2.729681	6.971097	7.102330	0.664394
5.942911	10.138461	4.926121	0.619702
13.801716	6.889668	2.127044	0.438188
3.191735	10.253737	2.195928	0.325352
1.910855	2.918289	3.592197	0.614907
11.474982	12.877337	5.263302	0.453352
4.746587	3.535249	9.664578	0.545773
12.859224	0.985292	13.460438	0.459946
4.209435	11.011812	8.525609	0.665937
12.627978	9.956009	10.214127	0.440241
5.963379	1.408591	13.623070	0.620733
3.852113	7.879184	3.676387	0.262474
12.520680	13.756830	4.079660	0.416494
4.877324	8.230975	3.084927	0.400301
12.672751	4.315179	4.233683	0.385129
8.899597	2.054048	4.633894	0.262644
0.644211	9.817237	5.091060	0.296165
0.419240	10.565359	0.390552	0.417708
12.297201	4.157209	7.100212	0.531193
12.192030	7.303047	3.747890	0.668336
3.963838	4.383474	6.810842	0.482950
10.598765	9.030228	5.881746	0.558789
8.948142	10.658114	13.699294	0.380800
1.989606	13.346086	8.098815	0.448948
3.426743	3.889320	5.231049	0.703508
12.834322	9.397651	12.227846	0.622017
8.705854	6.125573	12.920043	0.419809
7.054561	1.607300	2.038308	0.619194
1.699574	6.480100	2.860990	0.374313
12.526473	8.106052	4.649122	0.491344
0.486911	7.843227	3.507268	0.432307
8.648338	4.548538	11.797652	0.492957
0.602214	0.404459	14.086039	0.474820
2.924749	8.111897	3.472790	0.713403
10.056340	1.969477	10.348817	0.549355
4.950363	13.609018	14.114961	0.697021
13.050544	5.772638	6.458556	0.334307
6.284246	4.288183	1.560291	0.481896
10.052573	7.962077	0.403696	0.585717
11.968271	0.365051	4.377405	0.540561
0.425695	12.203499	6.874512	0.455516
0.646188	5.956727	12.068178	0.378844
4.188092	8.723131	4.104309	0.623551
5.488359	2.450218	7.368268	0.415168
10.426512	3.318197	4.477966	0.452659
8.012074	10.193061	8.453748	0.545571
0.816651	3.297688	0.770513	0.538820
3.009608	3.285820	13.069918	0.643123
6.564334	11.159944	6.949836	0.334145
7.616985	9.207897	7.972318	0.612543
0.656508	5.257342	13.894086	0.412544
3.085949	2.567983	8.656463	0.462859
7.057034	2.762914	10.270227	0.501828
9.868020	6.245510	12.933207	0.620339
6.821175	0.162571	12.700072	0.509908
11.441470	10.013859	3.393803	0.519464
1.686342	6.729640	11.870184	0.507621
1.995219	11.545482	12.794402	0.819360
10.477599	10.836760	3.418313	0.597594
2.241297	12.965096	10.966678	0.441791
6.239942	6.083648	13.219200	0.354683
13.658719	4.764704	6.866966	0.423299
6.083966	13.158921	9.184218	0.605366
10.868565	1.240393	10.168077	0.364352
3.463004	5.652239	6.203473	0.384857
7.893600	1.413383	9.165674	0.534884
4.894083	3.018164	1.715086	0.359698
4.709508	0.064136	7.785895	0.275123
5.535339	3.538760	1.204001	0.401948
0.112898	11.464911	1.493438	0.609109
1.157711	13.854040	2.546052	0.641835
2.647120	1.318040	6.904263	0.550431
11.677494	11.075165	5.337261	0.597839
7.371270	6.394558	6.926235	0.610184
0.255264	7.657830	0.527276	0.475519
8.367850	5.426461	6.783997	0.417976
10.421358	12.137474	3.355727	0.620972
5.237823	3.180033	8.620172	0.551939
12.594949	1.818943	11.670353	0.353586
2.590890	6.370358	2.272563	0.606777
9.881871	12.892176	7.127661	0.604698
0.568480	11.967837	8.242889	0.598295
5.238184	5.497970	0.447519	0.231066
12.974712	3.582179	3.298217	0.463463
6.165531	9.307487	6.311503	0.881180
4.456595	9.239367	13.021962	0.570181
8.716415	10.739474	5.216388	0.594298
0.508918	7.094041	8.052173	0.435858
9.183766	2.486359	9.247210	0.464265
8.689098	9.666324	0.033735	0.281129
9.134583	12.979782	8.476159	0.392618
13.219126	0.844055	2.774842	0.365236
6.772527	4.046385	9.900850	0.430658
4.441584	0.544276	0.645136	0.586478
9.182522	1.168629	12.732901	0.446140
4.346536	9.912435	0.051530	0.605219
3.786209	3.196190	7.535930	0.357580
0.285478	3.649188	8.672530	0.478789
9.654192	3.100632	13.817401	0.493309
4.401947	2.656422	4.491907	0.329950
3.012617	14.255456	2.324450	0.517655
5.610387	0.587141	8.143980	0.494671
1.218737	4.667243	1.958460	0.618085
9.048385	5.675302	4.764400	0.513090
10.277585	2.894994	12.386938	0.525602
3.234533	9.298926	9.500787	0.603756
11.932082	13.283205	7.652688	0.377636
8.064658	2.824520	0.079768	0.370994
2.282359	6.621934	6.043936	0.474370
9.674434	9.222027	4.487378	0.234436
8.639628	12.276183	8.034087	0.426206
12.241778	6.209863	6.048484	0.638009
8.407591	11.637851	13.832241	0.622518
13.001467	12.723401	12.471222	0.639602
3.966802	12.989739	1.361971	0.361737
13.224002	5.618427	7.681029	0.516759
8.998655	1.362716	11.388260	0.591701
5.048227	7.036437	6.259614	0.514552
8.182762	0.087203	2.664856	0.508974
2.306891	5.085526	0.185569	0.427534
1.178888	10.048836	7.100848	0.542663
5.173747	5.406196	4.201808	0.699406
8.970999	11.799166	11.964013	0.429051
4.313843	8.036558	1.516019	0.534755
8.325629	9.004850	13.957768	0.489718
7.779450	8.652524	12.784677	0.661740
10.232589	13.145417	4.647824	0.658416
4.087976	2.270334	3.542136	0.575531
4.868364	2.604209	10.419622	0.402490
12.249274	0.600961	6.424890	0.651134
0.683534	10.979438	10.858588	0.503474
14.155660	6.136950	8.519101	0.399799
11.441471	8.965958	2.467222	0.466068
4.546782	0.685152	13.351843	0.579666
2.349767	2.854860	10.899368	0.477721
7.105281	13.766760	4.475776	0.493520
1.154305	12.732250	12.730736	0.417891
10.860925	9.086108	3.552250	0.486885
9.675873	12.862267	14.081982	0.537695
9.868423	6.481624	9.958623	0.489718
8.713518	12.690848	10.639531	0.496051
7.720740	10.070054	0.702636	0.395495
2.212073	9.408161	7.535648	0.697735
11.333270	10.674760	10.201767	0.502915
12.919931	5.667672	12.788436	0.543392
6.696504	12.623775	12.427636	0.405803
0.746817	8.407250	8.424784	0.462769
13.377137	3.543730	11.163397	0.548842
