1280
15.085664
8.626915	12.863057	11.12305	-0.836383	0.203726	-0.07095	-0.50391
10.919261	11.757363	11.731662	0.23597	-0.24395	-0.838983	-0.42534
6.217087	7.138832	3.086422	-0.927553	0.352135	-0.048167	-0.115437
4.036825	14.257686	13.659163	-0.183773	-0.153888	0.213638	-0.947051
11.279855	9.265962	0.272167	-0.150131	-0.240629	0.289588	-0.914165
9.918588	0.255757	5.468002	-0.607011	0.577313	0.329805	0.435288
13.390805	13.81079	13.395099	-0.914155	0.168767	-0.351452	-0.110997
11.475856	0.300832	11.976778	0.066771	0.580118	-0.761438	-0.281454
13.325947	12.24334	2.727325	0.815647	0.068152	-0.326153	-0.472969
5.313466	8.637063	5.500017	0.220646	0.824944	0.446083	-0.267941
0.851127	9.123697	13.225253	0.232761	0.306386	0.537558	0.75032
5.478704	12.254323	8.990361	-0.543951	0.712903	-0.345665	-0.276409
12.911161	4.12942	9.057222	0.37919	-0.238893	-0.893947	-0.001906
12.552591	14.069113	12.468603	0.803926	0.51215	0.023151	0.301444
2.915842	6.223677	0.13418	0.844069	-0.280535	0.279479	-0.361579
5.697427	1.683767	4.812005	-0.460436	-0.64272	0.125068	-0.59939
12.720691	2.354719	8.0107	-0.371919	-0.12558	0.311672	-0.865313
0.344752	11.955438	6.355055	-0.195209	0.793946	-0.268028	0.509612
1.424377	12.917585	3.514374	-0.23894	-0.821911	0.081912	-0.510549
4.62055	12.592324	3.967545	-0.515318	0.420289	0.10258	0.739785
0.235744	14.392412	13.74138	0.616022	-0.708274	-0.082936	0.334644
7.563218	0.397169	2.376637	-0.736271	0.073735	-0.619509	-0.262063
12.095825	14.419031	3.031689	-0.714073	0.445581	-0.087799	-0.532775
11.015284	5.448498	5.771555	0.762656	0.35557	-0.473745	0.259791
14.831241	2.913101	0.586461	-0.895448	0.230121	-0.181377	0.33514
2.086611	11.408322	14.274108	0.582901	-0.249066	0.675551	0.376595
14.91858	5.407112	12.825767	0.286354	-0.380583	0.352358	-0.805607
5.119545	3.590271	2.405664	-0.746449	0.156459	-0.04273	0.645375
11.798408	1.347002	5.48081	-0.270369	0.897861	-0.088175	-0.336111
0.069532	14.720759	2.145958	-0.778864	-0.310081	0.5438	-0.03875
11.584711	4.65025	4.773044	0.665281	-0.482449	-0.360657	-0.441101
2.196013	13.028595	7.761284	-0.65854	0.125708	0.285242	-0.684953
1.768491	3.377864	6.778691	0.343018	0.212296	0.782856	-0.473714
0.350278	2.313408	6.498721	-0.552293	-0.579019	0.514014	-0.30903
3.649624	3.608283	10.237817	-0.247026	-0.538134	-0.392462	-0.703821
11.617697	2.703208	6.739817	0.002892	-0.748409	0.65253	0.118658
10.236061	12.579539	8.578545	0.421123	-0.105919	0.617274	-0.656056
2.07624	13.425683	8.942163	0.225262	-0.443281	-0.325258	-0.804342
0.177622	5.924984	10.059105	0.239011	0.742881	0.294121	-0.55181
8.894564	2.381341	5.798596	-0.352517	0.054812	0.225322	-0.906619
0.694649	3.754944	10.945903	-0.695254	-0.495514	-0.492956	-0.167578
7.023876	14.765101	4.269069	0.241879	0.716528	-0.640176	-0.135117
8.405996	10.208884	5.20035	0.739104	0.305027	-0.348884	0.48884
5.496657	2.430886	11.006983	0.840993	-0.452437	0.294247	-0.038081
10.096343	3.522111	7.830411	0.887026	0.011091	-0.086612	0.453388
9.414815	5.032094	11.544806	0.046922	0.753578	-0.563949	0.334486
13.757947	10.014002	6.698114	-0.776854	0.12531	-0.415156	-0.456553
13.306103	14.588009	11.578829	-0.203137	-0.727004	0.380512	-0.534239
6.899219	14.632348	12.749539	0.921107	-0.029301	0.252424	-0.294933
4.519807	10.638984	4.225349	0.169309	0.295639	-0.922598	0.180953
1.923479	11.492596	4.641297	0.284416	-0.261358	0.769763	0.508197
4.361465	10.108112	8.499524	0.640629	-0.368195	-0.665048	0.10834
11.276428	1.471048	8.444592	0.669594	-0.132963	0.313844	-0.659899
11.459397	12.321387	0.651918	-0.72557	0.438358	0.388492	-0.361198
9.89507	15.07456	2.191438	0.560287	-0.616729	-0.549046	0.065363
0.674541	0.928373	10.561446	0.182117	0.397027	-0.888596	-0.139999
1.249343	11.81474	10.633972	0.051861	0.908027	-0.377553	-0.17393
9.742681	10.923117	6.860519	0.848279	-0.228445	-0.443031	-0.17877
7.433908	12.843589	7.492434	0.377406	-0.268252	-0.159921	0.871797
7.892901	1.043403	8.040568	-0.214501	-0.685885	-0.694658	-0.031631
1.857066	1.425823	4.152752	-0.294578	-0.361521	0.874607	-0.132626
0.283135	9.908353	7.680308	-0.699524	-0.401994	0.575188	-0.135004
8.060603	12.388906	9.054297	0.200758	0.344529	0.909796	0.11518
13.505477	0.884628	12.125199	0.04491	0.737369	0.242327	-0.628925
14.143325	0.635151	0.254958	0.242883	-0.86825	0.398198	-0.169082
6.131288	12.147555	12.649609	0.126962	0.899167	0.250601	0.335528
3.508127	13.216457	12.862307	0.061704	0.47117	-0.431144	0.767011
9.34276	3.959629	13.743113	0.574031	-0.486405	-0.27392	0.599054
7.792022	7.460672	7.205675	-0.213148	0.595809	-0.669037	-0.389832
11.031782	13.123781	14.811112	-0.11803	-0.625442	-0.393179	0.663552
0.861291	0.420005	12.886275	0.736585	0.352801	-0.569816	0.091014
13.058165	3.574603	2.920547	0.260004	-0.314505	0.59561	0.691905
1.705828	10.794339	9.727484	0.108437	0.827167	0.221499	-0.50495
3.361565	14.343051	11.162095	-0.651079	0.372296	0.037114	0.66039
3.559775	9.14996	0.109699	0.166456	0.404393	0.545301	-0.715126
0.962187	2.465601	0.405435	0.783064	-0.150957	-0.287192	0.530607
9.433076	2.528565	14.098247	-0.241167	0.419948	0.87082	-0.084585
12.584008	2.603718	14.282297	0.305845	0.818948	0.479649	-0.075621
0.822701	12.927087	11.428579	0.075418	0.502567	0.723937	0.466534
14.03709	14.885882	12.915095	-0.046001	-0.749599	-0.031066	0.659561
10.644229	5.234415	3.622342	-0.694682	-0.438569	-0.268718	0.502857
7.465259	0.793569	12.907787	-0.326197	-0.071343	0.67799	-0.654855
8.662732	8.34563	13.923428	0.896584	0.053384	0.38253	0.216699
6.200836	6.933968	4.676672	0.270305	-0.399339	-0.200705	-0.852749
9.674696	13.866443	10.730451	0.194635	-0.511842	-0.489471	-0.678641
4.775641	8.991296	0.950884	0.450763	-0.189937	0.202448	-0.848382
7.924938	2.198045	1.982446	-0.889181	0.061546	-0.249153	-0.378805
15.027361	13.11349	13.47985	0.148228	0.881187	-0.194604	-0.404559
10.818091	5.706273	1.211953	-0.409951	-0.277503	-0.262015	-0.828421
0.919087	12.083512	13.401254	0.446154	0.271484	0.650844	-0.55104
5.121283	0.805772	4.342869	-0.772274	0.50647	0.383188	0.015739
2.780105	6.569457	7.711598	-0.261669	0.562071	-0.238679	-0.747421
9.762623	1.238397	14.988799	-0.594113	-0.460612	-0.038254	0.658333
14.279204	13.590004	2.605212	-0.603196	0.36684	0.580414	0.405836
6.638642	10.366401	2.542867	-0.481819	0.385334	-0.002919	0.786995
2.04035	14.861513	14.628448	0.527085	-0.424367	0.596359	0.431799
2.026329	5.593199	12.935024	0.451524	0.4528	-0.689355	-0.340423
3.495143	7.087978	9.804313	-0.346113	-0.029491	-0.461474	-0.81632
7.036356	2.818065	5.95116	-0.768258	-0.578968	0.242464	0.125644
8.407704	11.36742	0.216939	-0.372872	0.909651	0.181035	-0.026973
7.056119	6.335439	13.827182	-0.081953	0.328734	0.668973	-0.661583
3.035615	0.989668	0.991767	-0.934138	-0.280601	-0.087486	0.202472
7.602494	0.220785	1.246871	-0.012953	0.731979	0.567564	0.37671
11.727383	7.88877	6.764359	0.704307	-0.393362	-0.409358	0.426197
2.736487	3.092508	6.039818	-0.187343	-0.042451	0.96111	-0.198413
12.44557	11.539131	7.06767	0.385918	-0.246698	-0.849144	0.262985
0.8479	0.710951	6.491366	0.516582	0.535009	-0.526244	-0.412282
4.226962	3.601221	4.555163	-0.552742	0.304343	-0.248252	-0.734999
0.174307	11.865771	3.918931	0.165688	-0.626014	-0.676198	0.351297
10.27389	13.169677	4.133444	-0.963248	0.153716	0.185869	-0.118224
3.710511	0.192796	2.579406	-0.364619	0.159684	-0.612666	-0.682784
9.046723	0.104152	14.863131	0.649014	-0.216544	0.562633	0.46404
13.67119	0.763227	14.32358	0.851919	-0.282992	-0.169298	0.406802
7.491544	4.614039	8.36166	0.851155	-0.354253	0.298585	0.246752
13.745003	1.747192	12.475258	0.20329	-0.132808	0.91275	0.328517
13.410706	11.485215	11.405725	0.216126	-0.138851	0.902063	-0.346831
0.284671	10.922113	6.948984	0.107712	0.629909	0.041659	-0.768034
0.118998	4.949354	9.414145	-0.790209	0.324771	-0.465487	0.231117
2.838392	10.343053	14.99307	-0.738171	-0.449342	-0.153517	-0.479196
3.216241	4.507544	0.240791	-0.643287	-0.383427	0.637881	-0.179648
13.725862	7.372023	8.590436	-0.697509	-0.583712	-0.201009	-0.36381
1.357745	3.056532	2.624102	-0.158295	0.776217	-0.505927	-0.341272
7.77231	4.529515	4.860454	0.541244	0.18625	-0.660501	-0.485906
1.50423	9.396436	15.03337	-0.389244	0.091678	-0.894374	0.200447
10.398846	14.619092	12.622469	0.696237	0.668258	-0.218642	-0.144498
11.929685	12.903913	7.390061	-0.343703	0.019661	0.614569	-0.709779
2.950587	9.526169	3.068428	-0.84014	0.495166	-0.028377	-0.219476
3.830001	1.992677	2.626747	0.473182	0.462786	-0.167457	-0.730675
2.63663	14.860667	9.310846	0.093441	0.857863	-0.460895	0.207163
1.784522	1.054909	9.747505	-0.214909	0.353506	0.031163	0.909877
3.028466	3.733298	8.795072	0.429403	-0.372374	0.713071	0.410463
12.227099	1.788103	9.772693	-0.791963	-0.253735	0.458013	0.314066
12.968351	3.419934	0.071407	0.107819	-0.416565	0.84872	-0.307446
2.43226	0.21874	1.486841	-0.168879	0.114264	-0.389377	0.898225
10.710193	2.579552	9.883869	-0.514764	0.125516	0.573116	-0.625142
4.727399	14.01441	0.792224	-0.521589	-0.292781	0.142769	0.788569
12.987643	12.556224	5.989455	-0.275251	-0.878959	-0.096965	0.377181
12.589891	11.118963	9.867773	-0.283148	-0.531569	-0.066562	0.795507
1.889715	2.437282	9.89384	-0.852405	0.232412	-0.235727	0.404751
11.028314	12.93545	11.695084	-0.035674	-0.984765	0.159857	-0.058412
12.800986	10.399994	1.070455	0.353083	-0.786808	0.402822	-0.306595
11.081711	7.461426	3.406168	-0.297159	-0.182597	-0.933365	0.08476
11.190907	5.10766	0.373255	-0.036094	-0.619207	0.293554	0.727396
14.871623	0.476533	8.987297	-0.436573	-0.808039	-0.142416	0.369046
13.094704	13.890158	9.904954	-0.518118	0.222988	0.507171	0.651619
6.835289	4.940591	11.157463	0.61864	0.500701	-0.525079	-0.301455
2.798376	14.575323	5.389715	-0.098521	0.804051	0.586332	0.003262
9.028873	0.569435	8.838383	0.625681	-0.510512	-0.427356	-0.406532
1.330179	11.313856	0.992155	-0.239108	-0.071195	0.875418	0.414008
6.29272	13.862879	11.923998	-0.59162	-0.431059	-0.497861	0.465089
13.393285	1.110772	9.274258	0.084327	0.798821	-0.023319	-0.595172
14.460801	0.866476	13.559656	-0.804739	0.477559	0.314684	-0.159083
4.068581	5.777814	1.766903	0.074583	-0.034956	0.399347	0.913092
13.154385	6.724343	0.330378	-0.922211	0.385062	-0.025265	0.024793
7.61999	10.228794	0.534016	-0.579849	0.774519	0.187289	0.169758
0.1676	12.027857	12.051713	-0.771609	0.331613	0.425252	-0.337363
10.534944	3.637153	13.33701	0.589203	-0.031862	0.57935	-0.562297
9.372464	5.747656	14.884139	0.062943	0.848104	-0.286429	0.441267
9.800323	6.475204	2.516898	-0.493667	-0.061651	-0.553748	-0.667724
0.871257	11.027026	11.443743	0.888097	-0.269294	0.067319	0.366379
5.010245	13.97577	10.228853	0.623308	-0.336226	-0.415814	-0.570559
12.784085	4.119363	10.298892	0.570107	-0.127302	-0.06159	0.809308
2.682536	0.29609	13.593951	-0.12055	-0.918969	0.375223	0.013126
12.878782	6.190984	6.560172	-0.470834	0.286007	-0.525721	0.648176
4.508461	13.593347	4.576614	0.427568	-0.603261	-0.217536	0.637134
4.595195	8.404043	13.633934	0.507271	-0.028648	0.860742	-0.031292
0.77756	10.671855	2.593533	0.246501	-0.768879	-0.464756	-0.363405
13.028267	7.497345	6.524767	-0.315754	-0.125664	0.854283	0.393331
2.957632	1.868484	5.404068	-0.05252	0.349949	-0.721597	-0.595042
1.736889	4.767146	3.261016	0.52536	-0.417082	0.688951	-0.274566
3.669116	4.317992	3.480285	0.233256	-0.865255	-0.370436	-0.244339
8.139879	5.52918	1.919346	0.290818	0.351536	0.538918	-0.708106
6.585738	0.407348	5.299455	0.551788	0.823748	0.126382	-0.031578
14.09747	4.547932	0.205985	0.255084	-0.77342	-0.524509	0.24828
0.324931	1.618067	5.259074	-0.060121	-0.428881	-0.056501	-0.899585
14.837262	6.978838	1.456374	0.956979	-0.198688	-0.199777	-0.0693
14.548308	2.712892	5.536456	0.350658	0.037508	0.508975	-0.785224
8.081631	3.112616	7.484212	0.307058	-0.559778	0.747112	-0.184898
1.552876	10.138121	2.18576	-0.758348	-0.499949	-0.352565	0.225073
8.081721	7.920979	3.420682	0.301068	-0.069259	-0.722363	-0.61867
2.925564	13.107493	3.686855	0.231631	0.594103	-0.105297	0.763086
10.890287	3.207229	14.591589	-0.022436	0.293102	-0.202363	-0.934151
14.617733	0.870426	4.071421	0.311563	0.766426	-0.371881	-0.420979
0.473469	7.208676	2.774137	0.617821	-0.39047	0.044789	-0.681046
2.337373	14.350668	10.518841	-0.085783	0.157403	0.968972	-0.170175
3.76418	1.067352	6.232184	0.660488	0.399704	-0.03593	-0.634587
4.711457	3.246918	9.259596	-0.786646	-0.400954	-0.410975	-0.226987
10.432507	1.837789	10.970865	-0.577557	-0.0238	0.639162	-0.507281
9.470106	1.54691	9.831813	-0.608798	0.402043	0.645023	-0.227312
13.605079	3.225797	13.470007	0.163924	-0.961074	-0.21485	0.057489
14.615153	4.990766	1.767125	-0.179305	0.574203	0.75967	-0.247068
10.353564	13.807237	5.951872	0.135697	0.190706	-0.011803	-0.972151
3.688369	1.218542	8.852603	-0.330821	0.358287	0.158511	-0.858523
14.66744	1.725866	14.80438	0.91378	-0.402043	-0.05717	-0.009965
14.197799	0.124677	6.196085	0.888223	0.13549	-0.357428	0.254847
0.504168	5.859758	2.58989	0.527891	-0.399116	-0.134826	0.737468
6.482043	1.970181	4.895189	-0.31389	0.022226	0.81507	0.486456
2.010814	2.608435	14.660744	0.267104	0.544633	-0.750182	0.263169
8.134768	13.286772	10.21705	0.858468	-0.095002	-0.332182	0.379029
15.060341	3.867071	12.380518	0.576003	-0.138503	0.793524	0.13913
1.509229	14.37001	13.355786	-0.254425	-0.874797	-0.004228	0.412286
4.937652	5.996426	9.744192	0.943764	-0.034309	-0.017743	0.328355
4.25407	7.466099	9.100949	-0.490948	-0.10386	-0.636923	0.585246
6.673296	0.616297	8.565936	0.429377	-0.216832	-0.218622	-0.849013
6.626113	1.969903	2.16011	0.722317	-0.072711	-0.234855	0.646386
10.064664	11.198126	12.416073	-0.128322	0.060177	-0.522333	-0.840881
10.452715	3.129318	5.656744	-0.418945	0.341156	-0.00229	-0.841483
2.519633	7.316131	8.192512	0.808277	0.149307	0.47653	-0.311953
8.63362	4.427086	12.489064	-0.747987	0.281305	0.600453	0.028954
9.975697	6.243048	9.889258	-0.530206	-0.247589	-0.623546	-0.518432
6.512967	11.467471	7.319985	0.78364	0.540259	-0.301369	0.056613
6.85845	3.879997	4.120514	-0.3755	-0.90408	-0.129459	0.15773
8.131177	2.976242	3.132151	-0.472437	0.74715	-0.453931	0.111877
1.722655	5.265271	0.878053	0.103899	0.103258	0.911981	0.383189
9.833102	13.373682	7.556678	0.076677	-0.709392	-0.165621	0.680774
12.753353	4.605385	6.781611	-0.244542	0.639523	-0.067283	-0.725729
11.155686	14.064521	11.371549	-0.060425	0.15124	0.554431	-0.816138
5.13794	1.592121	6.93045	-0.386756	0.167975	0.905678	0.044182
5.599987	5.590844	14.258652	-0.393045	-0.595232	0.079219	0.696375
8.539773	3.955775	9.454909	-0.701635	-0.253101	0.573352	0.338992
9.562387	3.8733	14.969971	0.838519	0.276954	0.468278	-0.029952
8.476574	3.136024	12.29517	0.376142	0.915696	0.083998	0.113855
13.586891	1.982297	13.856899	0.776947	0.215492	0.574133	-0.142438
11.951998	14.161754	11.509858	0.607702	0.778408	0.11009	0.112511
5.417016	13.128284	11.113	0.11659	0.851945	-0.46626	0.207841
2.619602	9.20745	9.270979	-0.41066	0.337067	-0.372186	-0.761066
3.10282	10.737662	2.268715	-0.701782	-0.525356	-0.432242	-0.211351
9.901173	3.177161	10.316457	-0.43986	0.851952	0.035883	-0.281803
6.760252	0.032264	7.268042	0.431622	-0.637529	0.601199	0.214054
3.923926	6.010658	10.673741	0.035693	-0.930281	0.152889	0.331554
10.161656	10.14023	2.92439	-0.10977	0.737567	-0.549618	-0.376651
7.369151	13.406778	8.082764	0.345939	-0.381359	0.85696	-0.022587
10.843964	1.390591	12.35457	0.277237	-0.443517	0.617784	-0.587176
2.481533	5.83407	14.03544	0.704828	0.67984	0.177729	-0.097196
2.637041	13.660853	13.52263	0.5132	0.001771	0.767937	-0.38327
6.573449	0.147566	14.224577	0.283176	0.649047	-0.041367	-0.704867
10.769369	6.355952	15.016748	-0.033635	-0.599131	0.272388	-0.752141
8.117269	5.866996	11.458211	-0.430499	0.375389	-0.698961	-0.430358
7.843769	6.49395	0.899146	-0.118882	-0.905061	0.204948	-0.353169
5.390404	14.277744	13.511423	-0.380872	-0.44876	0.79489	0.147314
1.326259	8.269921	14.422186	0.058726	-0.004772	-0.404019	0.912851
5.324916	3.034341	8.220853	-0.522087	-0.431545	0.705519	0.208415
6.226475	2.069544	1.115909	-0.395005	0.749659	-0.229719	0.478761
5.618361	3.251061	14.987648	0.306759	-0.263913	-0.184181	-0.895727
11.61849	1.752277	11.41738	0.132044	-0.985681	0.086636	0.059084
11.484306	3.034211	0.673177	0.168165	-0.537797	-0.631123	-0.533084
9.165708	11.596123	12.431011	0.768125	0.412466	0.319678	-0.371028
9.916342	9.026366	0.241552	-0.203147	0.242619	0.572335	-0.756505
13.127259	13.960188	2.661557	0.620035	-0.660506	0.24094	0.348192
8.636355	5.275008	13.724692	-0.390166	0.248546	0.868768	0.176743
10.812739	11.625627	10.061469	0.074169	-0.907446	-0.389389	-0.139344
7.827077	3.811398	13.524435	-0.609518	-0.752912	0.2403	-0.062181
12.548312	1.969605	4.187286	0.528193	0.461958	0.683901	0.199717
14.289471	1.526169	3.49103	0.188399	-0.699544	0.406826	-0.55645
8.161871	1.023574	9.49261	0.872585	0.477007	-0.051957	-0.091433
5.833239	3.76555	6.210969	-0.408126	-0.312439	-0.497755	-0.698609
4.808977	6.782634	2.119567	-0.093001	0.370234	0.216456	-0.898568
3.680938	5.103124	4.097382	0.581089	0.24237	-0.754777	-0.184131
5.036017	11.037262	0.134983	0.611557	0.699176	-0.192386	-0.316448
4.351517	4.634101	14.668569	0.213442	-0.624417	-0.308529	-0.685096
9.336207	5.056352	2.531085	-0.678737	0.141493	0.403576	0.597011
2.945343	0.939804	12.474217	0.893734	0.447076	-0.033087	0.016338
14.090285	10.379904	1.875986	-0.127492	-0.230357	0.891339	0.369048
11.63984	2.645562	5.083509	-0.671134	0.664114	-0.131254	0.302166
5.678097	5.735913	11.424895	-0.125262	-0.88767	-0.34896	0.27309
6.237773	3.828353	7.530398	0.764222	-0.069899	0.611101	0.193996
5.184274	0.107376	7.261829	-0.591567	0.036606	-0.476316	-0.649486
5.998092	0.592308	0.44753	-0.708756	-0.405974	-0.41663	-0.399085
13.189675	1.93317	0.119964	-0.479707	-0.103817	0.698204	-0.521167
11.868084	7.569614	4.811496	-0.700569	0.432607	0.403257	-0.399296
12.600595	5.356604	0.926181	0.498784	-0.80839	0.035169	-0.310618
2.748355	4.588666	13.554798	0.655271	-0.226575	-0.714072	0.09688
7.2983	13.710005	11.555958	-0.132621	0.643189	-0.526681	-0.539746
12.284406	3.745213	5.893336	0.559632	-0.226652	0.63261	-0.485021
14.218292	1.200866	10.142659	-0.5857	-0.350699	-0.094254	-0.724625
10.535043	1.761046	6.398997	0.41173	-0.609588	-0.552026	0.392617
2.218074	5.987289	6.638986	-0.42532	0.222911	0.801425	0.356556
9.223062	3.299702	6.804279	-0.056218	-0.123036	-0.990642	0.018183
9.852765	9.257934	13.192084	0.068465	-0.087129	0.388488	0.914767
10.030535	5.097844	7.400736	0.727016	0.669473	-0.091292	-0.122146
1.07754	6.991823	6.844074	-0.241356	0.812465	0.41893	0.3258
3.099038	12.619718	5.073408	0.499125	0.666354	0.072779	-0.549135
7.956877	1.792723	7.052368	0.482958	-0.74864	-0.319679	-0.322636
8.341446	14.45794	7.311571	0.508449	0.218332	0.489532	0.673921
5.921661	5.092155	9.533154	-0.266486	-0.838697	-0.35848	0.311552
9.452001	0.971222	6.714922	-0.335458	-0.38209	0.135726	-0.850325
0.409124	13.569565	3.004798	-0.750368	0.227704	-0.358135	-0.506792
8.985579	8.701732	6.870808	-0.399749	0.822078	0.152399	0.375717
7.012914	9.331304	12.400813	-0.421436	0.094478	0.479392	-0.763969
0.850888	14.18137	6.404582	-0.562454	0.482804	-0.043437	0.66982
5.566754	4.235332	14.124886	-0.27834	0.000918	0.927794	-0.248442
7.789989	2.112836	0.286669	-0.123271	-0.349458	0.288414	-0.882893
6.307927	13.649406	8.066645	-0.41606	0.298045	-0.445452	-0.734599
13.688954	4.741026	10.693659	0.810426	-0.540248	-0.100499	-0.203081
10.007464	6.491508	8.314656	0.160541	0.673746	-0.719236	0.054707
13.986984	14.863238	1.105838	0.567165	-0.404771	0.058041	0.714923
3.502078	7.644242	14.069221	-0.213734	0.240961	0.758228	0.566874
8.574662	1.863619	12.94062	0.820509	-0.208825	0.314867	0.428971
7.755444	0.106402	5.693253	-0.454675	-0.712647	0.300689	-0.441577
10.655849	0.602641	7.129388	0.440662	0.653919	-0.293646	0.540351
2.001282	3.469019	10.781013	-0.78998	-0.184272	0.412066	-0.414942
5.658242	13.345268	7.036328	0.553651	-0.391292	0.734772	0.021702
0.097231	7.830994	14.769355	0.617985	0.61911	-0.288048	0.389647
10.944021	10.742365	9.398812	0.38928	-0.427503	-0.477697	0.661444
4.841901	3.378156	12.358299	0.057237	0.543992	-0.80507	0.229476
6.431261	1.425865	6.357693	-0.69156	0.369139	0.473894	0.401131
3.919912	9.257392	10.471767	0.230735	0.752614	0.27959	-0.549694
12.656348	3.661517	11.540198	-0.510616	0.246442	0.6407	0.517727
5.524256	4.613368	12.749561	0.272258	-0.618993	0.724027	-0.13605
8.841278	8.467976	0.139994	0.563433	-0.115773	0.764315	0.291483
3.048503	2.284719	0.556726	-0.536303	-0.126689	-0.766557	0.329727
10.797641	14.034177	14.290758	0.831086	0.268496	0.323156	0.364385
1.059036	2.207495	1.14084	-0.632769	-0.423909	-0.496112	-0.416867
12.165393	4.905561	10.986407	-0.142521	0.240961	-0.381036	0.881157
5.445091	1.176083	14.750276	-0.359285	0.323854	0.476932	-0.733872
8.756918	14.458736	9.684637	-0.554966	-0.523991	-0.050459	0.644128
14.701933	2.606473	12.758537	0.5326	0.027389	-0.833029	0.147138
10.913933	11.424124	13.471651	-0.400597	0.679105	-0.568713	-0.234316
1.009107	0.686412	1.69313	0.741084	0.603594	0.148382	0.253873
6.942155	1.150263	10.603523	-0.287838	-0.33734	-0.398191	0.802992
2.14969	1.564697	2.113343	0.607399	-0.42076	-0.612944	-0.279869
7.900942	1.152216	4.342202	0.421934	-0.504849	-0.573318	0.488269
10.892003	1.667087	14.512691	-0.399231	-0.707518	0.551614	-0.189089
14.466813	14.084957	9.867731	-0.418774	-0.253172	0.771833	0.405963
4.164053	4.971766	12.081327	-0.15033	-0.240592	-0.947484	-0.147618
0.315906	3.448326	9.234128	-0.378054	0.920306	-0.021205	0.098299
6.424531	3.612135	9.402723	-0.217971	-0.545457	-0.787168	0.187967
14.156239	4.01337	14.504469	0.238261	0.53544	0.555385	0.589986
7.5476	5.588703	4.42735	0.664522	0.189397	-0.698481	0.186181
2.983651	1.924245	14.425208	0.159914	-0.624034	0.761735	0.06905
12.203613	6.392344	14.548999	0.611005	0.004839	0.123699	0.781887
8.608291	9.255056	1.814586	-0.079669	0.261245	-0.104305	0.956308
11.830368	6.788505	0.892082	-0.190978	0.432619	-0.756515	0.451723
10.923564	11.460326	2.197858	0.117316	-0.75377	-0.107151	-0.637641
13.711985	4.832959	13.1107	-0.631695	-0.167183	0.290238	-0.699123
10.288506	4.312495	6.124694	0.209627	-0.755654	0.534585	0.315059
10.949163	14.893437	3.110936	0.718467	0.48966	0.024	-0.49342
0.451172	3.521814	1.339482	-0.465707	0.760613	0.376309	-0.250952
3.178132	10.594042	4.506716	0.853348	0.183002	0.31183	0.375594
3.309823	4.560311	5.864814	-0.544675	0.399286	-0.643169	-0.360878
11.093256	2.312367	2.922678	0.296701	0.117742	0.717359	-0.619274
11.819181	3.354887	2.07933	-0.751733	0.392912	0.425406	0.31551
4.302089	3.183735	3.250682	-0.152059	-0.137103	-0.808623	-0.551552
8.670372	5.782024	7.387394	0.715771	-0.107676	0.52041	0.453047
3.510741	3.228883	12.631883	0.681178	0.27311	0.157028	-0.660871
4.236503	11.469627	4.86598	0.893569	0.016964	0.404272	-0.194451
4.392015	10.722325	7.18976	-0.138312	0.088599	0.798549	-0.579085
6.394988	6.194262	1.687471	-0.390593	0.158047	-0.813238	-0.401376
5.921413	2.839318	0.706531	0.361926	-0.180844	-0.070265	-0.911794
10.764687	6.407006	2.046462	-0.24617	-0.397949	-0.514405	-0.718626
12.70469	2.497413	5.76902	-0.959061	0.167192	0.036011	0.225724
12.548273	2.090715	3.13027	0.331071	-0.502175	-0.766297	0.225836
9.373209	4.371583	3.791108	-0.253869	-0.812716	0.517175	-0.087027
3.299988	12.007482	8.147275	-0.085703	-0.13454	0.923727	-0.348257
4.410165	11.807386	8.038419	0.633131	0.210217	-0.677464	0.309834
2.996341	4.149957	6.84253	0.342171	-0.696084	0.41621	-0.474506
13.700335	5.768129	14.389856	0.392574	-0.101603	0.429757	-0.806766
8.966276	13.714587	6.42054	-0.822782	-0.492057	-0.233441	0.162528
10.575495	5.358507	12.14317	-0.540048	-0.09243	0.643712	-0.534265
1.820726	3.57423	8.160721	0.003569	-0.527317	0.37433	0.762759
1.779481	0.590981	5.300812	0.142111	-0.266465	-0.732262	-0.610404
14.29639	4.681867	3.168153	-0.631581	-0.300593	0.704379	0.120828
5.397346	4.517672	9.059283	-0.008729	0.426208	0.615952	-0.662475
4.929349	14.648647	14.983092	0.037088	0.289662	0.934834	-0.202005
9.71537	12.670747	9.666173	-0.213836	-0.453911	-0.828598	0.248322
10.812001	2.785531	11.712498	0.253416	0.745774	0.408855	0.460911
8.170338	8.46861	5.271093	-0.888229	0.020024	-0.277796	-0.365347
6.00537	5.053997	6.993061	-0.035134	-0.290058	-0.846089	0.44583
1.082649	7.177921	8.000505	-0.764979	0.294691	-0.355125	0.449278
13.503856	5.300718	11.891911	-0.403278	0.311959	0.63251	-0.583078
8.548096	6.436895	3.299841	0.128314	0.014467	-0.955302	0.265939
3.889606	7.457767	11.069699	-0.600583	-0.037228	0.391903	0.695935
9.960358	5.838453	13.50846	0.270859	-0.876359	0.178784	0.355902
11.580757	3.74241	7.838443	0.210784	0.443447	0.199697	0.847965
1.973502	6.879792	12.073315	0.337932	-0.047303	0.468752	0.814762
12.682442	0.58132	3.963023	-0.636139	-0.704305	-0.169153	-0.265835
1.864472	4.723957	14.346904	-0.515209	-0.6076	0.537298	0.276934
14.630351	4.865084	13.71064	0.755066	0.17621	0.605453	0.179588
3.296273	2.095974	9.710644	0.47875	-0.478112	0.712381	0.186332
4.528139	13.020724	14.166751	0.728936	0.284012	0.604161	0.15159
10.956744	6.182873	11.057257	-0.335767	0.679969	0.646082	-0.086491
14.427823	6.345352	11.869087	-0.022532	0.726151	0.151517	-0.670254
12.836074	0.664306	10.503839	-0.171753	-0.05103	-0.938496	-0.295165
7.547123	6.559821	9.189007	0.05664	0.403918	0.322947	-0.854018
3.599772	0.988024	3.631851	-0.512505	-0.036434	-0.18991	-0.836627
2.016118	12.562942	12.41118	0.587619	-0.247936	0.025211	0.769803
6.866385	13.253692	1.102006	0.850064	0.070147	0.099021	0.51251
2.133261	13.162996	10.582522	-0.372484	-0.007171	0.851755	-0.368399
11.871249	2.801037	12.925762	0.542103	0.199881	0.462099	0.672783
10.797725	3.687407	3.476791	-0.770347	0.437245	-0.46403	-0.007603
9.094847	3.464757	1.653345	0.669718	0.690157	0.251203	0.109811
0.168784	1.644828	7.951892	-0.254254	-0.351916	0.401859	-0.806238
3.105321	5.312196	12.166306	0.466425	-0.819101	-0.280242	-0.181619
7.599483	6.512187	5.573645	-0.820017	-0.494691	0.28777	0.006492
4.204042	0.879115	13.087417	0.211613	-0.869406	-0.132106	-0.426499
12.465789	4.59139	3.447776	-0.190221	0.481002	0.434937	0.737077
11.878587	4.08678	13.914062	-0.776752	0.510888	-0.368166	-0.01015
10.984931	6.819997	12.362401	-0.762866	0.284864	-0.309124	0.491255
5.078182	12.235322	12.197375	0.494242	0.306471	-0.638137	0.50456
9.616642	1.097916	7.960805	-0.618481	0.491651	0.418803	-0.447621
3.104577	9.758053	10.953942	-0.501914	0.726647	0.08046	-0.46216
4.867058	0.019086	11.082506	-0.844491	-0.244754	0.414138	0.235414
1.788678	14.187232	1.006063	0.826282	-0.390442	0.180468	0.363653
7.274205	13.827782	13.837167	0.612369	-0.275299	-0.238518	-0.701658
9.206071	4.187514	10.693231	0.415023	0.40102	-0.094044	0.811231
9.161924	6.972148	0.87407	0.913169	0.235202	0.260979	0.20662
13.964705	4.471483	4.889114	-0.762798	0.537418	0.359343	-0.01388
11.107088	14.358179	10.048208	-0.13942	0.366898	0.919713	0.008684
1.884454	1.555652	14.017812	0.626285	-0.461375	0.566458	-0.272077
0.384735	7.738435	1.39604	-0.036734	0.203116	0.424471	-0.8816
0.948191	5.475748	6.465859	-0.779133	-0.569588	0.237199	0.110717
3.949247	4.08925	1.660105	-0.668245	0.009896	-0.407164	0.62255
14.011301	2.076915	2.753686	-0.314438	0.23382	-0.142072	0.908995
13.336155	4.912712	1.778035	0.368546	0.409961	0.82279	-0.138281
9.052838	7.756512	1.879219	-0.229026	-0.047687	-0.67331	-0.701375
3.59436	12.687407	1.155249	0.170037	-0.529807	-0.755236	0.346425
9.535964	12.21374	3.703109	-0.421753	-0.765451	0.169591	-0.455464
1.52839	2.115266	6.828252	0.841808	-0.345174	-0.295063	0.291809
1.72546	6.782929	1.768404	0.888193	0.05701	-0.127448	-0.437744
5.214154	8.025876	8.058077	0.90767	-0.081791	0.233028	-0.339329
4.070789	3.351125	0.265737	0.497066	-0.502598	-0.247797	0.662509
7.4974	3.934654	6.070586	-0.011428	-0.889553	-0.293785	0.349649
4.294092	2.77978	1.601352	-0.55272	-0.066762	0.830217	0.027985
1.529931	2.465503	5.344998	-0.202162	0.840966	-0.474309	-0.164126
12.9333	8.262676	3.310349	0.304529	0.178002	-0.051823	0.934287
3.137152	10.201845	5.600221	0.539227	-0.212709	-0.682209	0.445622
5.743462	6.913652	7.571159	-0.764767	-0.036819	-0.399502	-0.504157
7.645798	1.61888	5.482877	-0.488601	-0.202921	-0.541323	0.6535
12.057354	2.128783	1.80827	0.914165	0.161171	-0.360974	-0.08958
8.545123	2.56301	0.404545	0.8481	-0.351995	-0.39048	-0.065965
13.429443	2.659675	6.611084	-0.507473	0.540028	-0.635315	-0.217293
0.48692	11.795862	4.686054	-0.636229	-0.487904	-0.305916	-0.513398
0.11053	4.544925	7.452604	-0.199746	0.011486	0.202034	0.958724
8.109048	2.365734	9.185489	-0.835995	0.239492	-0.317964	-0.377697
4.354518	1.516897	5.721504	-0.001675	-0.495754	-0.815137	-0.299627
11.247396	0.657343	3.900094	0.061434	0.837906	0.145275	0.522528
7.029514	5.211398	12.81782	-0.002536	0.820618	0.328679	-0.467494
4.62531	8.981674	8.943158	-0.734525	-0.666514	-0.117575	-0.049073
10.968944	11.282122	0.591208	0.775238	-0.022641	-0.606818	-0.173972
5.855457	11.489875	14.457003	0.865444	0.444651	-0.221164	0.066173
14.954912	9.087916	1.492043	0.719037	-0.565627	0.356391	0.189835
14.051589	3.836753	1.43077	0.666217	-0.616482	-0.311139	0.281599
9.424069	7.058858	14.144405	0.808378	0.43217	-0.329579	0.226123
5.953714	11.479875	4.460659	0.892312	-0.155205	-0.414834	-0.0872
12.409399	8.051954	11.962545	-0.424567	-0.627067	0.468736	-0.454771
5.197146	9.92253	7.307276	-0.443633	0.056571	0.023881	-0.894102
7.348183	7.54135	4.30575	0.528891	0.441642	-0.19334	-0.69846
5.483744	0.667705	9.893642	-0.059102	-0.468093	-0.46242	0.750709
13.629257	2.307356	9.597059	-0.948509	0.049386	-0.114041	-0.291354
14.251282	0.405736	11.049346	-0.155601	-0.850592	0.495528	0.082062
2.479128	4.467926	9.852898	0.161943	-0.25868	0.454436	-0.836868
4.586964	5.336133	7.960875	0.125289	0.617647	-0.206964	0.748319
11.746339	5.71866	7.204766	-0.106739	-0.680526	0.623041	-0.370555
2.197319	1.637583	11.049925	0.604072	-0.182946	0.373979	-0.679534
14.410756	6.378598	8.558008	-0.12817	-0.161701	-0.133825	-0.969286
10.953697	6.557996	6.805079	0.565322	-0.73802	0.102177	-0.353974
2.360028	8.160108	6.933987	-0.636673	0.549258	0.538327	-0.056281
13.128146	3.088013	8.566681	-0.295372	-0.177893	0.918843	0.191931
3.606463	12.897017	10.366608	-0.395313	-0.174502	-0.013783	-0.901713
4.743348	1.805059	12.025226	0.418747	-0.570633	-0.698023	0.108593
6.646736	9.366212	10.646046	0.161254	-0.550465	0.808012	-0.134543
14.238155	7.144262	10.23962	0.179515	0.290779	-0.796705	-0.49848
7.087593	1.949727	7.860635	-0.055011	-0.404905	-0.406936	-0.816963
12.307837	8.341862	15.007091	-0.035761	0.275836	0.916526	-0.287429
1.903231	4.275674	11.977251	0.461206	-0.620137	-0.573366	0.271976
13.7133	9.50136	3.291059	-0.827548	-0.220652	-0.107907	-0.50481
3.1074	4.790232	11.03126	0.919275	-0.038375	-0.088568	-0.381598
11.636527	3.00674	8.905428	0.263651	0.462748	0.705946	0.466898
6.121064	3.541923	11.209562	0.018569	0.319067	0.475092	0.819841
6.961819	1.779855	14.03338	-0.14447	-0.187657	0.417019	0.877501
8.546027	5.249613	8.636008	0.48195	-0.668819	0.425619	-0.373168
1.38087	2.30938	12.551238	0.147523	0.745815	0.216982	0.612304
13.53892	7.91075	11.251946	-0.355537	-0.816142	-0.400749	0.216578
4.334571	3.866512	13.484223	0.134293	-0.777748	0.572923	-0.22098
4.334836	1.934648	0.009364	0.109737	0.814851	0.455325	0.341548
7.438941	4.674534	10.083256	-0.101363	0.837331	0.167007	0.510598
6.20725	6.179771	10.423517	0.204868	-0.078076	0.922189	-0.318592
11.302989	4.086992	11.709239	-0.405536	0.615387	0.63918	-0.219744
12.431515	4.377964	12.683144	-0.060622	-0.755677	-0.549768	0.350761
14.371144	3.937909	8.576317	-0.440392	-0.518905	-0.648922	0.340135
3.060288	3.349733	13.601781	0.223378	0.05667	0.953504	0.19422
3.052961	1.839477	7.073782	-0.466317	-0.217291	0.415778	-0.749975
4.233896	5.753222	13.774321	-0.386014	0.088846	0.668034	-0.629945
6.186812	4.561607	3.033137	0.968863	0.14087	-0.183341	0.088579
8.853452	4.600982	15.036622	-0.166085	0.464939	0.788949	0.365796
2.309492	12.93238	6.578428	-0.522189	0.467659	0.666501	-0.253753
10.096325	5.239978	10.454453	0.621189	0.082409	0.740911	0.241627
13.111979	12.120926	1.941444	-0.14039	0.786227	0.478343	-0.365138
8.689388	14.599187	1.811113	0.500581	0.411488	-0.705812	0.286227
6.068007	5.975094	0.418135	0.17825	0.580227	0.783566	-0.13262
3.914553	2.664977	5.730276	0.718049	-0.520574	0.397556	-0.235284
2.51557	11.84177	10.184328	0.530265	0.031161	0.616098	0.58161
10.820623	7.345093	1.171637	0.258291	-0.199078	0.733067	-0.596881
4.865977	5.185084	2.659455	-0.973658	-0.172152	0.111452	-0.099655
6.081004	6.152827	3.192309	-0.959836	0.188465	0.203734	-0.041087
3.848028	2.000349	13.284974	0.072891	-0.663053	0.508081	0.544886
1.851875	8.865765	3.333182	-0.598815	-0.726802	-0.162586	-0.294525
4.89357	10.915391	13.200721	-0.288654	-0.813804	-0.006536	-0.50434
4.023196	11.517218	9.498957	-0.725084	-0.435579	0.481108	-0.230347
9.971188	8.364691	1.135512	0.089112	0.770794	-0.367253	-0.512894
1.307173	8.770871	2.255833	0.792078	-0.381943	0.270382	-0.39195
12.887735	4.024024	7.682224	0.493043	-0.161321	0.188813	-0.833807
9.276844	5.869724	1.339223	0.750959	-0.568445	0.333321	0.042759
6.42525	2.713789	13.796054	0.104912	-0.510561	0.434347	0.734618
4.409314	4.375899	7.509211	0.121091	0.42495	-0.253711	0.860456
14.670793	7.487354	12.359337	-0.800371	-0.440967	-0.404046	-0.041254
1.366044	5.805152	8.137482	-0.545147	0.757663	0.358754	-0.007621
7.550877	5.122963	6.351288	0.447891	0.133945	0.694542	0.546867
7.222637	1.609156	3.257886	-0.784584	0.339312	0.231475	0.464452
10.816382	4.032209	6.634744	-0.564865	0.588515	0.011541	0.578311
14.403528	4.006871	2.855722	0.241353	0.328816	-0.912561	0.029333
0.353037	0.387317	7.625886	0.068502	0.830738	0.35271	0.425179
3.36731	5.759814	5.049496	-0.336807	0.34804	0.853857	-0.190677
14.724707	13.508107	5.1201	-0.82078	0.490557	-0.264994	0.124308
0.192678	0.749986	5.393782	-0.388217	-0.079643	-0.917725	-0.026942
3.531963	7.575117	2.910685	0.655859	0.248143	0.273946	-0.6582
14.374929	6.942223	6.441736	0.53292	0.778289	0.098655	0.317065
6.956598	8.613891	13.841721	0.599907	0.717254	0.143972	0.32393
12.808972	7.99699	0.902852	-0.759899	0.569682	0.093993	-0.298632
0.300541	10.632118	1.270317	-0.090199	0.927391	0.23448	0.277182
0.19256	5.480056	4.813154	-0.430607	0.466371	0.460826	-0.620254
11.833538	4.509311	9.531098	-0.407301	0.570785	-0.483321	-0.524128
1.713124	5.040084	5.77102	-0.873749	-0.273956	0.317248	0.246707
4.968142	6.500706	8.245025	-0.42284	0.875706	-0.233078	-0.004563
8.049596	0.528267	11.797195	0.192096	-0.834616	-0.486036	-0.174022
11.425784	7.925399	12.201012	-0.976942	-0.094759	-0.188856	-0.030651
11.136681	9.149388	11.164433	0.894922	0.100161	0.235105	-0.365799
10.700849	4.736165	9.19757	0.009347	0.267251	0.963574	0.003816
13.944239	5.91997	4.742306	-0.24899	-0.109696	-0.912897	0.304286
9.819782	8.216694	9.285908	0.372577	0.566717	-0.432444	0.594146
6.554665	2.688194	12.424017	0.321944	0.785876	0.18825	-0.493266
3.430212	0.745446	10.562602	0.520297	-0.372363	-0.115368	-0.75982
3.918943	9.358787	13.963762	0.015581	-0.620667	0.009874	0.783857
8.005897	4.362543	3.415252	0.09309	-0.284682	0.542632	0.784755
9.064467	4.053809	5.312737	0.784542	0.578424	0.211001	-0.073472
12.377082	5.679936	4.957952	0.698715	0.21338	0.581892	0.357307
12.224892	2.69192	10.322309	-0.889425	0.245754	-0.353639	0.153193
2.517623	3.010764	11.707309	-0.540353	0.811499	-0.148469	0.165665
1.056546	1.331413	11.538129	-0.193938	0.360786	-0.575228	0.70805
5.687762	11.078787	12.011173	-0.623656	-0.226728	0.617411	-0.422435
6.056241	13.639143	5.426475	0.41107	-0.721555	-0.178479	0.527756
12.858159	9.643498	12.1428	0.437489	0.815805	0.047105	-0.375296
14.270656	1.443201	5.546002	0.239986	-0.080727	0.616306	0.745692
2.16481	2.652391	8.342246	-0.401792	0.786448	-0.31478	-0.347818
5.749184	6.943417	14.690074	-0.521318	0.577135	0.588231	0.221645
7.048446	1.30722	0.102919	-0.404459	0.138109	0.836958	-0.341818
4.728386	6.671545	0.036008	0.792761	0.234557	-0.35439	0.436945
6.807722	4.210392	12.714714	0.207221	-0.218004	-0.186037	0.935374
13.940643	13.306148	8.908807	0.351019	0.591652	0.409116	0.599465
9.505249	6.387157	11.87416	0.284022	0.592181	-0.437666	-0.614085
2.384109	1.709214	12.706603	-0.822667	-0.469421	-0.320593	0.009062
9.384736	1.850306	3.486952	0.135182	0.714335	-0.583896	0.361271
1.966803	9.326198	5.310042	-0.965111	0.101867	0.12521	0.206171
2.54743	1.185832	2.917337	-0.771076	-0.063555	0.249771	-0.582252
3.802947	6.038852	8.773878	0.738266	-0.465398	-0.093202	0.47925
0.040554	1.4827	11.943784	0.571319	-0.463232	-0.673927	-0.069519
10.956026	5.222462	14.19429	-0.00745	0.791607	-0.514609	-0.329362
4.240079	7.450072	7.541211	0.056557	0.937976	0.279226	-0.197573
13.423608	6.76169	9.791543	-0.354358	0.560085	-0.74867	-0.01511
0.133507	2.187828	9.540572	0.58248	0.767283	0.235882	0.127882
14.528249	11.06289	3.007945	0.305945	-0.430437	-0.797364	-0.292115
8.53513	7.384073	14.933542	0.34312	-0.129668	0.676696	-0.638387
6.625014	10.514325	11.678903	-0.561438	-0.101277	-0.581466	0.580023
9.227822	14.867715	13.387049	-0.809757	0.112044	0.552474	0.162828
7.653327	6.351801	14.753971	-0.556709	0.533991	-0.212889	0.599672
7.285423	7.657465	14.82559	-0.796381	0.07338	0.581559	-0.148936
0.841979	5.664176	1.711021	0.885285	0.228014	-0.161932	-0.37156
10.41027	5.118733	4.717321	-0.104099	0.776776	-0.620475	0.028147
1.133445	4.031134	0.190887	0.016789	0.96094	-0.027405	-0.274886
10.709681	1.988638	13.229503	-0.567451	-0.109383	-0.380486	-0.721987
1.848111	6.926206	0.319496	0.277785	0.339614	-0.779491	0.447092
6.919489	6.270544	12.295334	-0.150417	-0.888682	0.425074	0.083252
9.888617	4.558973	1.246065	-0.136933	-0.742904	0.047917	-0.653488
0.238713	7.796219	13.488465	-0.731755	-0.262036	-0.355534	-0.519102
9.52431	8.787949	5.15186	-0.151786	-0.427283	0.809676	-0.372579
13.208631	7.860774	13.807802	-0.514586	0.607164	-0.575659	-0.187534
2.431828	11.126723	8.520205	-0.145025	0.940577	0.278134	-0.130092
5.566192	2.128617	2.847612	-0.832314	-0.335614	-0.326987	0.296136
4.656414	4.924909	5.351321	0.603311	-0.147862	0.185208	0.761479
10.710258	12.270711	1.54665	0.640058	0.11902	-0.758579	0.026798
4.545672	6.904071	12.60443	0.110567	-0.601343	0.674085	-0.414453
10.015624	11.767922	5.658494	-0.359396	-0.388061	0.154552	-0.83448
7.437961	9.635934	7.659412	-0.625003	-0.273461	-0.467051	0.562542
11.746195	8.694425	1.572602	-0.815897	-0.348215	-0.034103	-0.460321
0.295268	2.746864	14.217699	0.513311	-0.047727	0.781579	-0.351237
5.131005	7.593201	3.125702	-0.635209	-0.373671	-0.649756	0.18627
5.718481	3.077614	13.494136	-0.85658	-0.352934	0.284329	-0.246709
4.517894	1.396136	1.240002	-0.153345	-0.244349	-0.922961	0.254797
9.923094	0.726634	13.549655	0.219579	0.520045	-0.657308	0.499284
13.791387	11.234472	14.300456	-0.544435	-0.254241	-0.698675	-0.388336
7.558818	8.439168	8.338533	0.765485	0.574112	-0.22619	-0.182388
9.852062	13.72869	2.222981	0.333066	0.574982	-0.580353	-0.4708
10.221795	1.323576	1.288893	0.064106	0.177268	-0.982067	0.003163
11.410431	6.727542	13.457701	0.101982	-0.757326	0.586503	0.268462
13.373633	0.267829	2.007779	0.123525	0.607732	0.460202	-0.635309
5.632199	7.916663	4.433577	-0.772153	0.379526	-0.083068	0.502831
8.284503	12.319944	3.114668	-0.572667	-0.061066	-0.611699	-0.542353
0.704767	5.444571	14.731506	-0.60941	-0.021726	-0.365037	-0.703488
8.674102	12.325579	7.705867	-0.737556	0.218561	-0.333261	-0.545142
12.464123	0.067063	6.774142	-0.408593	0.536121	-0.625053	0.393618
1.459919	4.987725	10.723976	-0.322578	-0.311288	-0.780652	-0.435459
2.776527	0.780956	8.09158	-0.157651	-0.808706	0.461001	-0.329574
3.454886	6.920822	4.777476	-0.515924	-0.605631	0.229021	-0.560876
10.834467	7.500332	14.133585	0.761836	0.342807	-0.518023	-0.183689
5.80899	10.318569	4.743459	-0.979156	0.061113	0.126608	0.14659
8.003911	10.573189	14.260616	-0.536928	-0.471736	0.411613	0.565463
0.869233	12.495983	5.722228	0.271755	0.623778	-0.067478	-0.729724
2.931328	5.506931	2.742476	0.554691	0.617888	-0.547258	0.105076
3.587574	1.979075	11.313814	-0.293347	0.888708	0.350715	-0.033838
14.86806	5.726243	7.538958	-0.014485	-0.731327	-0.651895	-0.199959
4.832647	2.801213	10.044069	-0.900161	-0.105572	0.219821	-0.360891
8.362097	9.220004	9.525827	0.85231	-0.043849	0.394322	0.340816
14.139127	11.52551	6.044843	0.124652	-0.231345	-0.345848	-0.900739
0.744454	6.82769	12.314758	-0.915363	0.171285	-0.226023	0.285809
10.970701	3.997951	10.685914	-0.314297	0.550917	-0.470135	0.613744
7.230947	3.460986	1.153707	-0.075382	0.420079	0.844758	0.322855
5.822119	9.268845	13.242539	-0.264987	0.148033	-0.474405	-0.826322
12.0326	9.415031	9.910917	0.762035	0.621742	-0.065137	-0.168811
0.605713	3.386963	5.068872	-0.172316	-0.173455	-0.957596	0.152419
7.793809	8.677757	11.413089	-0.280873	-0.747898	0.601388	0.009575
4.874525	4.901266	10.3746	0.345077	-0.416004	0.394443	-0.743153
3.570622	5.64391	6.78382	-0.261614	-0.095753	0.554456	0.784199
13.705311	5.68618	7.708447	-0.329175	-0.616847	-0.544079	0.463813
0.492114	4.137088	6.129335	0.701141	0.554315	-0.260477	-0.365086
14.104775	7.800073	0.417461	-0.844458	0.039902	0.341371	-0.410809
1.426965	6.549845	5.725952	0.005968	-0.811938	0.4699	0.346288
5.626056	10.414996	1.742333	-0.403347	0.112832	-0.453728	0.786582
4.809706	5.268607	6.60055	-0.581456	0.637895	-0.293546	-0.410888
9.816877	2.100741	2.140548	-0.162916	-0.162104	0.041227	-0.972358
7.014705	9.774823	14.27298	0.131664	0.089988	-0.950336	-0.267262
9.802234	9.762729	6.70007	0.451781	0.091465	-0.328797	-0.82427
0.32131	2.347397	3.82684	0.714573	-0.504439	0.451684	-0.175805
5.24258	8.858792	11.941192	0.67256	0.49004	0.219586	0.509221
8.711164	13.672164	14.337603	0.964319	-0.014826	-0.109842	0.240425
1.763755	5.527497	12.051048	-0.377794	-0.592653	0.653643	0.280687
7.539239	11.727732	0.330204	0.515248	0.211471	0.720081	-0.413864
11.359656	9.943023	6.467943	0.96525	-0.202566	0.092075	-0.137045
4.297775	13.407211	11.887472	0.474811	-0.218055	0.453389	0.722111
5.051408	3.769113	1.293351	-0.532032	-0.13278	-0.832236	-0.081817
0.434334	9.150523	8.904537	0.837263	-0.058132	-0.336529	-0.427036
2.940223	9.372978	1.563348	0.483423	-0.420365	0.608093	-0.468848
4.28628	10.142087	12.600505	0.635277	0.415337	0.209656	0.616411
3.342656	10.520097	9.815114	0.10506	0.137823	0.983871	0.044333
6.546364	2.521647	3.637714	-0.388717	0.415196	-0.269561	-0.777077
4.424344	10.317853	0.975754	-0.914451	-0.160026	0.18846	-0.320396
9.979801	7.650036	7.084291	-0.944759	0.251504	-0.104476	0.182377
11.737572	8.665947	8.479446	-0.418653	0.876498	0.202714	-0.124047
11.883325	5.997812	4.082296	-0.135032	0.393655	0.909076	0.019575
13.087222	10.210129	7.881598	0.40669	0.695299	0.592433	-0.013667
6.613476	5.15132	7.954837	-0.449033	0.819867	0.018444	0.354751
7.464526	2.756023	4.396752	-0.286773	0.150495	0.751879	0.574274
9.787504	10.155453	0.106368	0.173996	-0.395602	-0.071299	-0.898967
9.747653	10.614792	4.181439	0.225121	-0.806149	-0.486207	-0.251093
12.168294	5.569002	13.552767	-0.354738	0.518595	0.381464	0.678016
2.635661	7.574593	14.560401	0.00564	0.325349	-0.68124	0.655765
13.438521	12.766019	14.1922	0.7793	0.064461	0.542285	0.307349
0.922466	6.929606	4.652303	0.489983	0.48802	-0.655197	-0.304089
3.045409	8.291958	2.228563	0.022465	-0.814539	0.4599	0.352865
14.351479	6.011048	0.711114	-0.728638	-0.141748	-0.093679	-0.663489
4.978675	14.683456	2.070904	0.256638	-0.378373	0.6751	-0.578973
9.838355	2.924336	4.251828	0.414259	-0.557415	-0.280605	-0.662525
7.778793	9.658024	2.915289	0.016478	-0.094746	0.080462	-0.992108
9.324888	12.489437	2.340704	-0.498433	-0.527372	0.126086	0.676421
6.291047	7.799156	13.366022	0.008247	0.347793	0.571812	-0.742969
2.640522	0.190594	3.90563	-0.201754	0.347871	0.884459	0.236671
0.959124	9.996974	12.13443	0.374568	-0.260326	-0.450582	0.767401
2.06012	11.699443	2.438952	-0.216531	0.192603	-0.711779	0.639835
9.356873	5.340401	5.268275	-0.410878	0.046383	-0.4208	-0.807437
11.940453	0.183667	5.302163	0.58205	0.79489	-0.023828	0.169705
11.547376	5.175973	2.625612	-0.449935	-0.167437	0.409644	-0.775703
8.483957	0.568174	6.658145	-0.177429	0.325697	0.273178	-0.887589
12.268841	9.618953	0.356123	0.331287	0.324806	-0.198641	0.863303
9.832631	10.021145	10.071585	-0.18185	0.439375	0.840124	0.260906
13.047911	11.373409	3.649471	0.19824	0.244233	0.320403	0.893528
12.859144	5.484261	2.837396	-0.896768	0.380858	0.188092	-0.124
9.851554	3.679365	12.028509	0.356445	-0.780513	0.377309	0.348404
8.572389	8.548999	12.666748	0.383217	-0.546118	-0.723932	0.175561
6.846986	7.313803	0.719385	-0.093384	-0.710013	0.655815	-0.23889
14.928432	9.053555	2.812698	0.085788	-0.808051	-0.527448	-0.247976
14.900433	8.424683	5.963647	-0.329738	0.239754	-0.911019	-0.061924
4.739683	0.347808	13.995138	-0.018905	-0.611454	0.318329	0.724178
2.134583	7.187653	9.648446	0.709401	0.394047	-0.580482	0.067213
5.291987	9.209448	4.140362	0.421702	0.606403	-0.272801	-0.616459
10.765696	8.863057	6.872153	0.475815	-0.613555	0.243365	-0.581312
4.34735	10.900314	11.476156	-0.143531	0.661133	0.734479	-0.053318
5.19069	7.240394	6.623993	-0.05203	0.69961	-0.580877	-0.412821
1.841104	4.159907	5.412494	0.796696	0.345101	-0.406539	-0.284442
15.030772	10.518289	5.135927	-0.860778	-0.135206	0.235852	-0.430296
4.332572	0.270434	9.603463	0.392257	0.715367	-0.405934	0.411828
1.81372	8.045098	8.761977	-0.156954	-0.866124	0.100426	0.463799
14.794156	11.701161	13.124581	-0.691051	-0.628165	0.29964	-0.195122
8.509104	5.796979	5.712472	0.726761	0.102588	0.275877	-0.620633
6.170763	7.717857	10.347452	-0.738732	-0.264887	-0.290713	-0.547354
9.30828	5.035081	9.573716	-0.685894	-0.224208	-0.04403	-0.690899
12.34898	6.72363	7.580926	0.845126	-0.045864	-0.445435	-0.29197
4.443433	8.149565	11.552153	-0.534478	-0.158709	0.475704	0.680331
6.884322	12.325647	9.970504	-0.27101	0.681395	-0.626894	0.263169
1.036603	4.487108	13.00845	0.615713	-0.28082	-0.604632	0.420069
3.173748	12.62866	11.680827	0.475782	0.127019	0.683834	0.538394
6.559153	3.312777	2.417577	0.005401	-0.331076	-0.28585	-0.899249
8.907432	3.945299	8.273494	-0.383685	-0.346563	-0.684212	-0.514329
11.417107	12.811257	9.715373	-0.642986	0.082993	0.732667	0.207074
11.436922	7.413876	7.903065	-0.460956	0.353898	-0.289893	-0.760419
12.655719	5.803225	10.502831	-0.332975	0.42279	0.455637	0.709064
1.223112	9.724732	7.477931	-0.610517	-0.030129	-0.667883	0.424611
6.843511	5.604083	9.8424	0.107583	0.205773	0.346179	0.908979
12.495057	5.036932	5.653239	0.287016	-0.731965	0.274541	-0.553604
0.628994	1.556962	13.433061	-0.423094	-0.443556	-0.780372	0.123567
2.959809	8.175024	12.16273	-0.629451	-0.581312	-0.26715	0.44102
1.217663	10.344343	8.854329	0.012658	0.815803	0.415859	-0.401706
2.394223	3.64639	0.606869	-0.876313	0.188257	0.273401	-0.349124
1.163362	6.402135	13.862551	-0.280735	0.00287	-0.633773	0.720771
6.992689	5.031663	1.595483	-0.28821	-0.534268	0.79234	-0.060751
6.009794	13.297305	12.888837	-0.360404	0.584393	-0.402327	0.605579
14.694051	8.288181	10.822856	0.836484	0.259238	0.390588	0.28378
0.739506	7.023526	9.738005	0.18928	-0.362071	0.343433	0.845655
2.32327	6.090264	9.168769	0.317537	-0.577759	0.390792	0.642375
9.50858	0.098851	10.425063	0.288143	0.610375	-0.012005	0.737748
0.222293	5.173889	0.655467	-0.615739	-0.351647	-0.479951	0.516581
3.109306	9.80747	12.983743	0.241862	-0.954351	0.153587	-0.084428
0.20147	4.776849	11.756173	0.517217	-0.247206	-0.803727	0.159368
2.441817	6.551317	4.504077	0.694969	0.699889	-0.025461	0.162862
7.112856	8.969875	0.380499	-0.049956	0.685996	-0.191516	0.700168
7.507272	7.031436	2.376119	0.317737	0.78135	0.447224	0.297533
4.16458	3.581434	11.332354	-0.244667	-0.536255	0.56319	0.579125
5.061091	9.496563	10.76526	-0.332447	-0.886571	-0.117773	-0.299335
7.323314	10.632307	10.130523	0.914897	-0.166121	-0.137591	-0.341228
0.350012	7.342945	11.004456	0.341657	-0.210045	0.7495	-0.526688
11.449407	13.315389	13.32547	-0.157926	0.883732	0.431841	0.087121
8.965342	6.892532	4.580073	-0.343375	-0.875884	0.097197	-0.324767
4.260436	7.594521	0.188223	-0.362866	0.604716	0.241452	0.666594
7.76843	7.221274	13.137433	0.310551	-0.692628	0.561876	0.328817
6.82136	9.704022	8.724054	0.818147	0.213826	-0.190991	-0.498434
10.408937	9.294072	2.194633	-0.136823	0.86283	0.429207	-0.229316
14.591374	10.085224	6.184523	-0.491165	-0.754525	0.156622	0.406102
1.07952	14.889211	8.646419	-0.672322	-0.306383	-0.140947	-0.658974
9.309108	11.65817	10.846882	0.811834	-0.260518	0.160595	-0.497258
0.103497	5.131454	10.941363	-0.917545	-0.027833	0.015218	-0.396364
4.896811	11.833865	10.693453	0.702835	-0.388585	-0.497993	-0.32715
3.600204	13.519158	5.792789	-0.934773	0.143073	0.019892	0.324553
2.544908	11.579413	5.640581	0.408339	0.305303	-0.284916	0.811709
8.53974	1.138798	14.009421	-0.118325	-0.240481	-0.493563	0.827384
12.376997	6.194087	8.788065	0.50452	0.473151	-0.436372	0.575471
5.459663	8.741981	2.4508	0.815048	-0.21119	0.099735	0.530234
3.451323	8.967544	8.514945	0.436309	0.07121	0.198045	-0.874838
13.157254	14.692616	15.009585	0.318052	-0.771952	-0.486309	0.257753
6.062121	2.649201	7.166903	0.499951	-0.471954	0.291185	-0.665222
5.675454	5.034378	4.112891	0.586538	0.53745	-0.074011	-0.601368
8.096169	11.256039	8.13548	0.373038	0.12855	0.562593	0.726503
10.809634	12.296503	7.289406	-0.988491	-0.079345	0.128772	-0.002669
2.126526	10.331237	3.777638	0.313305	-0.511132	0.708385	0.372523
14.165867	8.369886	9.629132	0.375617	0.902209	0.096962	0.188493
0.542031	14.321491	4.116617	0.179591	-0.630126	0.707216	-0.265583
5.201539	6.310366	5.641759	-0.436513	0.875246	0.194753	-0.073973
1.326464	4.407394	7.560253	0.928568	0.368996	-0.014609	0.037291
3.694632	0.3512	7.259917	-0.401364	-0.788258	0.348197	0.310347
4.303288	8.549313	7.311498	-0.208706	0.647938	0.148885	-0.717252
9.641027	10.367127	5.54478	0.488142	0.29701	-0.63171	0.523875
13.02754	3.036487	1.558752	0.300122	-0.264872	0.551149	-0.732123
14.1019	3.954292	6.648787	-0.393596	0.745994	0.493051	0.213251
2.947109	8.17411	5.916771	-0.156234	0.970274	0.029959	-0.182377
11.655846	1.413053	0.652758	0.572515	-0.175072	0.791479	-0.123033
8.127958	14.244495	3.168053	-0.545879	-0.506363	-0.381371	0.547877
2.823323	12.920686	8.935567	0.832367	0.449237	0.324346	0.012272
6.847186	14.838985	10.770264	0.245343	-0.268386	-0.482388	0.796917
8.931194	7.145516	9.408314	0.302785	-0.879666	0.247213	-0.270914
11.995546	8.729697	3.01039	-0.352578	-0.174603	0.765339	-0.509371
3.285913	3.873663	2.231875	-0.784899	-0.232917	-0.138271	0.557283
5.636773	3.696077	3.729586	0.58477	0.227104	0.562884	0.538172
4.309045	6.238037	3.399954	-0.137739	0.451291	0.191013	-0.860743
7.099984	8.871814	6.486826	0.661425	0.363274	-0.639609	0.146455
9.35333	2.452374	8.79229	0.289832	-0.708186	-0.476053	0.43341
11.049287	1.179579	2.246333	-0.500731	0.059554	0.85791	0.098553
8.419929	9.772717	10.620719	-0.50043	0.455599	-0.522089	0.519059
14.374188	3.043665	10.47933	0.697188	0.41004	0.051979	-0.585743
14.475144	13.12588	3.599875	-0.096883	-0.420232	-0.877528	0.209675
7.99945	11.278073	6.60085	-0.057576	0.446193	-0.273355	-0.85022
3.006149	11.233181	7.171364	-0.547085	-0.311969	0.042071	-0.775631
11.502432	7.378259	9.460285	-0.231267	-0.722563	0.026702	-0.650926
3.14454	14.95057	14.845317	-0.04166	-0.981505	0.182432	0.04039
1.13363	3.737445	3.73436	0.747665	0.200656	-0.256236	0.578858
1.581565	11.684408	6.924228	-0.206487	-0.452728	0.817559	-0.289825
6.643203	12.525086	9.096951	-0.544251	-0.330342	0.312958	0.704786
2.429809	9.917078	8.295519	0.581603	-0.228324	-0.323923	0.710408
14.038719	8.501214	12.558331	0.029339	0.510945	0.308699	0.801735
4.543389	0.587781	1.58785	-0.273655	0.935351	-0.21268	-0.0707
5.408279	11.120318	5.997486	0.448402	0.477586	-0.247324	0.713918
6.479589	7.68907	1.661474	-0.358488	-0.66567	0.610886	0.234922
6.120796	7.699359	9.233286	0.061982	-0.827404	-0.008378	0.558114
10.409602	12.956842	6.080696	0.085965	0.579191	-0.153484	-0.795984
8.038783	4.378831	11.410505	0.143131	0.442969	-0.878221	-0.109636
9.298444	10.833739	9.775377	0.610617	0.15192	-0.696057	0.345791
13.449016	13.245487	7.578858	-0.504455	0.160683	-0.213221	0.821123
14.380281	6.246328	2.011443	-0.124585	-0.916878	0.125706	-0.357787
3.103349	11.29441	12.261036	-0.701238	0.172488	0.377477	-0.579676
7.65613	8.104109	10.169646	0.020545	-0.799829	0.572373	0.179555
1.78837	4.199324	1.932817	-0.911902	-0.253121	0.214538	0.24153
13.594095	5.219855	9.107388	0.583225	-0.430056	-0.284025	0.627878
12.688481	8.827868	13.139369	-0.168031	0.637964	-0.343831	0.668242
9.464978	7.346911	3.669839	-0.248818	0.698857	-0.467421	0.480839
10.574472	8.412161	4.371188	-0.874923	0.45038	-0.17143	-0.047743
6.560512	8.222599	2.948639	0.084311	-0.296485	0.437457	-0.84476
1.673714	7.303283	13.307156	0.018207	-0.29571	0.681602	-0.669061
11.62301	0.409827	13.429682	-0.850589	0.296551	-0.340425	0.269569
5.828436	7.591549	12.483618	0.530665	0.797467	0.287089	-0.004471
11.530718	10.945468	14.428901	0.160544	-0.029107	-0.602899	0.780955
8.546397	7.48273	11.474861	-0.331425	0.071759	-0.585883	-0.736036
2.512585	8.591772	13.364786	0.708079	-0.105635	0.461378	0.524019
0.796436	10.93757	14.394029	-0.566702	0.124678	0.247184	0.776019
0.86113	13.749158	1.675652	-0.114106	0.529663	0.105651	0.833832
0.056456	9.680453	10.338503	-0.058439	-0.25937	0.601573	-0.753274
4.729508	10.163311	5.780224	0.494003	-0.347938	0.456378	0.653162
3.070728	7.404818	0.933119	-0.133311	0.644346	0.663659	-0.355812
12.503938	10.91725	0.1601	-0.533782	0.391007	-0.699462	-0.270081
14.34604	14.690407	3.674971	-0.254138	0.869529	0.133956	0.401732
10.799317	10.000617	13.900419	-0.134034	0.944605	-0.299505	-0.007233
11.925765	12.991565	4.009692	0.334537	0.358235	-0.143701	0.85971
0.831643	6.789729	0.115746	-0.237207	-0.025143	-0.768073	0.594277
13.869579	8.794217	4.120436	0.460313	-0.417722	-0.78333	-0.003734
3.76392	5.955216	13.246975	-0.146096	0.597524	-0.620634	-0.486245
7.907585	10.795933	1.885695	0.301064	0.567809	0.519367	-0.563215
6.538266	6.568949	6.125534	0.554117	0.295996	-0.558962	0.541203
0.040372	9.239226	0.008291	-0.309622	-0.206288	-0.911811	0.173722
12.646361	9.68847	5.910931	-0.250304	0.890597	-0.377966	0.036409
2.905626	5.428536	1.29405	0.326581	-0.601292	0.508208	0.522989
14.696017	6.251301	13.767503	0.263615	-0.090634	-0.108662	0.954194
5.94996	5.60594	5.49166	0.023883	-0.864811	-0.309915	-0.394314
11.193928	6.326646	9.201242	0.297069	-0.585458	-0.704508	0.269549
12.879266	2.700899	11.987974	0.931372	0.118432	-0.121959	0.321941
12.02733	10.07331	7.43891	0.701151	-0.504362	0.502418	-0.039779
11.919954	10.887793	5.545136	0.092674	-0.049326	0.940713	0.322549
14.131276	11.410359	0.699936	-0.879185	-0.22695	0.388702	-0.156328
9.036139	5.724971	3.714718	0.079608	-0.786261	-0.112762	-0.60228
6.49428	12.434181	4.2144	0.31626	-0.814166	-0.48694	-0.001606
1.455822	12.761112	1.920849	-0.328961	-0.249941	-0.356022	0.83819
6.286899	10.026091	9.510291	0.410409	-0.479331	0.700411	-0.333514
1.134223	8.575353	11.443574	-0.192389	0.284344	-0.870491	0.352678
3.173862	15.05651	12.030678	0.953633	0.250891	-0.058025	-0.155792
6.748759	8.669351	9.264366	-0.13487	-0.031059	-0.069591	0.987928
0.096748	12.265382	8.602494	-0.583261	0.264714	-0.16156	0.750754
10.748256	2.08364	4.299754	0.78171	0.30885	-0.106645	0.531194
3.457684	9.047292	6.003953	-0.032321	0.885546	0.071776	0.457834
8.628201	6.840127	8.081798	-0.097415	0.272431	-0.947634	0.135211
9.977474	0.617744	12.13188	0.506323	-0.125448	-0.698633	-0.489706
10.192025	8.196206	7.931553	-0.177067	-0.502669	0.120766	-0.837489
8.827505	1.175439	11.131255	-0.686074	-0.681836	0.147616	0.206426
14.930429	10.973513	8.205358	0.575711	-0.263653	0.207844	-0.74555
14.777547	5.482344	6.270981	-0.43377	-0.078762	-0.821344	0.361986
0.547064	4.300121	2.342664	-0.193458	-0.015907	0.639126	-0.744204
12.442723	7.394604	10.747155	0.431706	-0.062223	-0.404622	0.803766
1.169143	8.032352	5.864047	-0.156303	-0.567668	0.606854	0.533901
2.720571	4.050595	4.667233	-0.277966	-0.585443	-0.45376	-0.611632
5.704908	3.974298	4.973522	-0.321397	-0.779133	0.466361	0.26863
2.441126	12.261899	1.162839	-0.676608	-0.500293	-0.358625	0.4041
12.277238	6.320351	12.216375	-0.186482	-0.141143	0.803317	0.547709
4.639527	10.21763	10.081638	0.851881	0.120549	0.238279	0.450544
12.555886	14.232335	8.263453	-0.930194	0.345577	0.11231	0.051977
7.708535	11.722091	12.282228	-0.826541	-0.039564	0.322548	0.459594
0.35395	8.577363	5.051994	-0.520656	-0.161334	-0.126849	0.828732
6.219967	9.449855	7.45141	-0.24871	0.548867	0.400848	0.690079
0.473363	10.537139	13.314587	0.371716	0.254326	-0.590138	-0.669987
10.660891	7.408987	5.4556	-0.604554	-0.480463	-0.599655	0.20996
10.672369	8.821519	9.45875	-0.218099	0.341598	0.783095	0.471705
1.502782	1.806118	8.954997	0.35039	-0.156267	-0.922386	-0.044854
13.116966	6.9357	3.200542	0.574026	-0.275374	-0.330705	0.696633
10.165328	12.698905	11.026427	0.453556	0.808085	0.364957	0.089961
2.764152	11.247579	11.262778	-0.455169	0.491978	0.51414	-0.5352
2.812572	5.049692	7.794908	0.705515	0.093188	0.620511	0.32944
7.584214	14.671565	8.563306	-0.12882	0.752054	0.105314	0.637753
5.016496	7.632933	10.130665	-0.085266	-0.463367	-0.721167	0.507877
5.216664	14.700717	8.761391	0.607517	0.477249	0.176272	-0.609988
7.293967	7.979502	12.250962	0.63401	-0.313086	-0.671102	0.22278
2.575893	6.42356	10.7046	0.516423	0.655439	0.502484	-0.226312
12.162441	12.180113	11.417382	0.930495	-0.234116	-0.122321	0.253783
8.837453	12.007998	13.499918	-0.62692	0.260066	-0.295806	0.672188
13.303334	6.592988	1.993763	-0.340729	-0.202808	-0.733729	0.551738
14.965664	1.315385	1.512005	0.220381	-0.841974	0.464463	-0.163667
11.709088	8.851945	14.074064	-0.586998	0.260807	0.449081	0.621079
13.651353	1.939485	11.037364	-0.368115	-0.431019	-0.53791	-0.623993
12.186853	14.209819	14.134044	-0.244775	0.747786	0.459155	0.412405
8.800055	0.510936	5.148217	0.666352	0.126056	-0.20136	-0.706781
10.195654	12.607089	14.266074	0.225583	-0.064241	-0.106441	0.966259
0.820961	13.410772	12.595752	0.653403	0.527009	-0.236003	-0.489518
2.896576	10.566636	1.031742	0.430808	0.111624	0.524398	-0.725914
4.730844	11.8753	14.402034	-0.463661	-0.244736	-0.819592	-0.231066
1.635302	3.156462	13.315541	0.536917	-0.792101	0.047803	-0.286375
2.632507	13.197922	2.231174	-0.555098	-0.730589	-0.228763	0.325227
1.133125	10.259056	0.448117	-0.264699	-0.257755	0.928391	-0.039834
4.63327	7.228363	13.861761	-0.29536	-0.826267	-0.445513	-0.177662
4.869623	14.183663	5.826155	0.683423	0.682652	0.239518	0.097725
5.138323	14.825108	12.208377	-0.752968	-0.023253	-0.203696	-0.625305
0.111242	3.808623	13.741503	0.784838	0.199334	0.55007	0.204251
7.789786	4.13968	0.595754	0.530472	0.229043	0.504155	0.641846
3.405064	1.448892	4.396565	0.140408	-0.798094	-0.551064	0.199147
5.665893	0.973935	2.158017	-0.032494	0.132819	0.640313	-0.755845
1.3451	14.882542	3.216461	-0.797147	-0.155829	-0.526206	0.251757
1.88366	6.827708	3.20773	-0.494753	-0.609847	0.617543	0.044126
6.634107	12.196324	2.246756	0.394498	-0.044527	-0.011706	0.917743
12.897939	4.709126	14.388356	-0.243029	-0.963082	0.114699	-0.015926
10.531967	14.503906	1.075324	0.904208	0.377416	-0.043355	0.195156
13.066025	6.895908	4.771491	-0.033574	-0.111177	0.360085	-0.925662
5.290083	5.595221	1.44362	-0.023711	-0.616946	0.705337	-0.348304
6.685112	8.702648	4.856033	-0.857007	-0.486116	-0.098946	-0.139427
14.671306	12.248084	1.955406	-0.288986	0.431667	0.257745	0.814689
1.249601	12.657883	9.758615	0.725273	0.672591	0.095196	0.111973
15.044854	9.529658	13.595519	0.072357	-0.635807	0.12469	-0.758265
0.17757	12.352727	14.958472	-0.817096	0.229865	0.373204	0.37448
13.105883	9.22597	1.999196	0.36378	0.590877	0.21179	-0.68824
4.282884	8.726575	3.369961	-0.625496	0.181598	0.708643	-0.271297
6.232436	0.771817	3.580801	0.521649	-0.086029	-0.601265	-0.599134
2.569002	3.168451	3.339746	-0.250084	-0.502802	-0.824876	0.065012
8.352099	4.30767	2.232974	-0.793052	0.055058	-0.419951	0.437812
1.906084	10.447856	6.463533	0.398962	0.417621	0.802726	0.148506
14.597365	13.087372	6.762157	-0.033261	0.154249	0.127042	0.979266
9.788146	6.172804	6.430193	0.702737	-0.132849	0.429871	-0.551111
9.387086	7.657346	5.229773	-0.306942	0.180218	-0.914836	-0.190742
12.991406	14.552042	5.620811	-0.68989	0.447771	-0.385438	-0.418317
8.621108	10.175682	7.506993	0.293857	0.419744	-0.824711	0.239405
0.565086	9.26678	6.530104	-0.462656	-0.451311	0.555734	0.522903
14.672317	3.206051	7.558813	0.398104	-0.094689	-0.723302	0.55622
0.61382	14.928333	0.786194	-0.199489	0.939527	0.22889	-0.158437
3.142429	6.843314	6.262838	0.398807	-0.797117	0.363584	-0.270858
3.904434	3.121205	7.961588	0.106606	0.928068	0.351895	0.059114
4.813736	4.76835	0.471653	-0.722223	0.413659	-0.222231	0.507833
8.163242	10.167282	8.873048	-0.079041	-0.785428	0.390192	-0.473927
13.1775	12.62305	12.005475	-0.596524	0.566993	0.271095	0.499185
11.104552	9.358856	12.68034	-0.766776	-0.382257	0.021041	0.515259
10.767181	13.027006	2.869226	-0.267902	0.663664	-0.695929	-0.058833
14.145527	10.628347	4.328654	-0.214514	0.700992	0.029321	0.67951
9.093353	8.272128	10.340043	-0.325566	0.632465	0.565461	0.417431
7.378102	12.612451	6.366804	0.274881	-0.63651	-0.659936	0.289448
4.345239	12.814964	9.111759	0.273052	0.896068	-0.31858	-0.144953
3.273963	6.534256	12.216545	-0.202703	0.052159	0.921835	0.326208
7.487962	7.989454	5.834818	-0.009233	0.329809	0.893551	0.304477
11.158505	11.058293	7.32253	0.16977	0.048157	0.716825	0.674552
9.491142	0.060795	3.27619	0.359298	-0.779055	0.510852	-0.054852
1.690905	8.375696	1.114575	0.846374	-0.110435	-0.416077	-0.313584
6.331096	9.886913	3.511131	0.260156	0.802615	-0.519584	0.134756
7.056137	9.756459	4.880983	-0.222065	0.100635	0.929435	0.276966
8.176618	2.438648	14.172602	-0.670956	0.130567	0.156875	-0.712854
6.826026	10.834887	6.070711	0.119432	0.477044	-0.852475	0.177346
10.850563	2.379374	7.53039	-0.590879	0.28619	-0.244713	0.713493
9.494765	9.279687	8.205972	-0.619533	-0.508437	0.570832	0.178385
13.854194	7.154803	4.589636	-0.130145	0.06312	-0.909641	-0.389399
11.844104	10.675527	11.60244	-0.092032	0.578708	-0.806392	-0.079742
1.983	9.496008	12.190355	0.245508	0.093518	-0.841184	0.472641
5.32954	8.716925	14.796893	0.57683	-0.466826	0.648928	-0.168029
6.495788	11.747151	1.239588	0.343209	-0.165671	0.196369	0.903438
11.062154	14.219404	7.249863	-0.640863	0.48175	-0.577854	0.152634
7.337816	3.338202	8.353264	0.104738	0.540333	0.538639	0.637917
8.391301	14.717518	10.986117	-0.482718	-0.188103	0.402727	-0.754594
2.484419	7.879885	10.937367	0.38392	-0.837467	0.303248	-0.243505
12.387553	1.507988	13.047501	-0.043506	-0.153136	-0.987213	-0.008161
14.391121	1.713731	7.544736	0.716732	-0.324189	-0.519086	-0.334284
0.92924	13.978516	10.386912	-0.174483	0.797625	0.104672	0.567798
4.930296	3.047691	6.209113	0.34084	0.518824	-0.129601	0.77321
1.749919	9.89833	13.910791	0.791638	-0.124584	-0.487367	-0.346788
11.1215	10.191255	1.380018	-0.318506	-0.780905	0.461984	0.27443
9.149797	4.297607	6.684936	-0.743266	0.629185	0.226669	0.017422
5.595776	12.794639	1.461443	0.39088	-0.338302	0.410558	0.751137
13.069273	13.226402	0.031717	-0.660288	-0.425724	0.387747	0.48211
5.259568	1.503107	8.070153	-0.142696	0.75793	0.523387	-0.36228
4.968654	12.170806	0.621985	0.303822	-0.356641	0.876619	0.109723
2.518997	8.763942	0.023049	0.18964	0.12964	0.345708	0.909789
8.665877	9.224805	13.972897	0.426716	0.173256	0.866492	0.192582
8.813812	6.367186	12.816674	0.184774	0.608704	0.643276	0.426068
14.071931	0.559456	2.687461	-0.039313	0.515066	0.364444	-0.774817
10.268209	8.384501	13.796696	0.271622	-0.79391	-0.033007	-0.542991
0.661819	8.283969	12.424826	0.449416	-0.769882	-0.313376	0.327266
4.65815	1.663878	14.001384	-0.382925	-0.836244	-0.339141	-0.197604
3.683412	12.260844	2.598368	0.389162	-0.713685	-0.138887	0.565612
8.701842	9.820515	0.501462	0.127273	-0.193784	-0.834517	-0.49983
14.572211	7.013138	3.481066	0.497547	-0.023441	0.605008	-0.621178
13.713653	11.773954	13.294023	0.714838	-0.053758	-0.254955	0.648933
10.270645	7.852008	2.203028	-0.751355	0.602215	0.128822	-0.237082
14.618283	13.365112	0.739819	-0.509316	-0.026966	-0.292777	0.808797
4.926267	10.110852	3.096896	-0.713076	-0.423495	-0.554684	-0.067078
3.910577	10.438769	2.8882	-0.236794	0.269643	0.754142	-0.549992
9.527207	13.798234	13.158282	0.278537	0.500667	0.061462	0.817296
5.904779	14.841672	4.736042	0.173935	-0.171363	-0.788176	-0.564942
12.259928	11.692031	3.965327	-0.39966	0.461289	-0.10194	-0.785552
13.025797	11.22404	5.216711	-0.378964	-0.598438	0.198488	-0.677392
14.291722	7.424394	13.785319	0.60505	0.6203	0.285264	-0.409594
12.766378	13.458179	1.108354	-0.419199	-0.2585	-0.787786	0.369924
5.343843	2.587308	4.098056	0.903024	-0.240509	-0.238517	0.264222
2.472624	0.609487	6.644054	-0.220185	0.233265	0.928444	0.187344
8.710446	10.952178	3.13928	-0.626817	0.239548	0.437515	-0.59858
3.169952	11.72334	4.065898	-0.401403	0.810509	-0.239331	0.35309
8.787215	12.435371	5.148987	-0.886211	-0.311611	-0.293496	0.177168
6.97451	12.012128	3.338168	0.702145	-0.112022	-0.297035	-0.637349
10.952075	9.643807	3.772011	0.341694	0.336803	0.662999	-0.574666
1.76135	7.793561	2.611458	-0.503172	-0.085944	-0.856478	0.076665
15.020856	7.699876	7.043059	-0.031267	0.566591	0.822544	-0.03766
0.483107	12.021676	7.594666	0.462058	-0.565814	0.224838	-0.644829
13.279283	11.581017	8.765337	-0.272623	0.448017	0.764698	0.374426
9.469709	8.471811	2.866278	-0.6342	-0.631337	0.209611	0.394041
4.097681	8.352885	1.659637	-0.150328	0.512952	0.775572	0.335813
8.47248	7.761032	8.717841	0.404928	0.034618	-0.877684	0.253978
10.367113	13.884045	9.008667	-0.170996	-0.603519	0.093261	0.773193
12.829881	14.162668	4.23395	0.486862	0.709116	0.488475	-0.146671
7.391061	14.224467	6.211572	0.474186	0.022494	0.797089	0.373217
13.311375	15.069988	9.496519	-0.340782	-0.876764	0.142801	0.307831
3.168162	9.232925	4.550669	-0.229213	0.532545	0.192502	0.791707
3.586324	14.579043	6.310478	0.518786	-0.821117	0.12939	-0.199717
10.648408	10.366806	8.236616	-0.664402	0.59383	-0.262822	-0.369947
8.779833	9.775477	12.775956	0.001497	-0.191284	-0.960522	-0.202005
8.099793	13.114011	12.415981	-0.62628	0.37486	-0.422505	-0.537348
0.340719	11.800668	2.553999	-0.548034	-0.104878	-0.754068	0.34647
3.952403	12.104705	6.486611	-0.76695	0.231888	0.479581	-0.357796
3.796506	9.833271	6.685318	0.122753	0.34047	-0.932149	-0.010486
2.939418	6.491107	2.25035	0.205458	-0.913914	0.163696	-0.309439
13.298897	13.950142	6.451071	-0.183737	-0.549118	0.362108	0.730471
5.933841	0.787301	10.919626	0.037596	-0.716323	-0.695235	0.046006
11.958462	13.75557	5.742625	-0.201149	0.482341	-0.682885	-0.510444
10.893229	8.919683	5.959065	0.147039	0.667312	-0.482048	-0.548365
9.797319	11.19823	14.783396	0.539638	-0.299748	0.227425	-0.75314
13.953857	3.010989	4.240537	-0.015783	-0.279292	-0.959078	-0.043774
10.276402	14.329522	3.959939	0.621814	0.218895	-0.366229	-0.656741
4.321217	7.960645	6.200182	-0.714066	-0.064065	-0.015189	0.696976
7.397047	10.650757	4.066537	-0.527246	-0.482733	0.093605	-0.692978
8.602928	5.908707	10.248625	0.570103	-0.693792	-0.331473	0.289416
1.569829	9.617539	10.45389	0.451	-0.888139	-0.025652	-0.084555
9.714224	8.688272	11.057815	-0.507296	-0.162677	0.713326	0.455361
0.197964	12.5175	9.64416	0.529505	0.326758	-0.10682	-0.775528
3.735076	4.604472	8.984504	-0.27812	0.150349	0.862974	0.394107
13.364333	3.982864	5.149091	-0.593029	-0.687081	-0.054675	0.41623
6.507264	12.136371	11.202745	-0.18573	-0.753952	0.543178	0.319404
12.164556	14.168827	9.760071	0.403178	0.412154	0.597592	-0.557189
13.746301	9.285982	5.117151	-0.573709	0.141183	0.014845	-0.806663
7.484178	8.826164	2.271264	0.287411	0.806501	-0.095319	0.507804
12.559749	7.557272	13.327223	-0.614602	0.315482	0.419943	0.588543
0.741754	0.910799	14.531807	0.140961	0.300373	-0.41438	-0.847464
3.575712	8.517725	9.996854	0.910294	-0.390054	0.137525	0.017595
6.335855	9.149601	1.654474	-0.700047	0.138836	0.325035	-0.620492
14.554619	9.549937	11.810504	-0.979199	-0.075721	0.163737	0.092876
9.195812	12.338798	1.032369	-0.648807	-0.472683	-0.481165	0.352278
13.193443	9.884453	14.087597	-0.509124	0.857435	-0.067373	0.032544
13.420786	10.249536	11.121657	-0.013832	0.164165	-0.979435	0.116467
13.957955	8.587852	14.372678	-0.605342	-0.740983	-0.282186	-0.06983
14.772488	10.325253	0.032818	-0.362301	0.125202	0.909943	0.158325
13.720805	8.576046	6.587733	-0.201397	-0.858046	-0.204503	0.425881
13.972807	9.582706	0.946234	0.877984	0.475092	0.016292	0.056267
13.58481	5.915621	5.970802	0.189652	-0.751137	-0.539461	-0.32986
9.884775	15.060899	0.864773	-0.704337	-0.324819	0.466108	-0.425612
8.084395	14.742202	13.587592	-0.803614	0.443747	-0.154841	-0.365126
10.9641	4.508863	2.239411	0.788649	-0.477812	0.303818	-0.23963
11.437852	4.26272	0.505502	-0.299968	0.752032	-0.026202	0.586328
11.591087	13.982075	0.800473	-0.546434	0.040462	0.690516	-0.472187
11.466721	12.34589	4.971452	-0.20103	-0.756881	0.528543	0.327657
3.883458	0.452035	0.442449	-0.163767	0.153441	0.520689	-0.823723
8.997657	12.511727	14.820774	-0.883172	-0.102723	0.394401	0.23217
11.767505	0.234263	10.753727	0.236737	0.605869	0.155404	-0.743456
7.132387	3.404283	14.520859	-0.266782	-0.880365	-0.33844	0.198097
12.290713	10.195901	4.523993	-0.470436	0.128335	-0.861641	0.140693
7.666891	2.042814	11.98082	0.255848	-0.184303	-0.57963	0.751401
2.371388	14.436547	2.628757	0.289783	0.705807	-0.105803	-0.637706
2.847961	12.37751	13.966681	0.066027	-0.125513	0.091869	-0.98562
1.74548	0.803271	0.420396	-0.270691	0.208847	-0.189681	0.920397
1.309688	12.893744	4.60201	0.582464	0.345909	-0.365848	-0.638152
6.156064	0.844005	13.015023	0.095034	0.256373	0.235281	0.932676
8.142314	12.580907	1.556562	0.224402	-0.215869	-0.926406	-0.211699
6.316607	14.181509	14.858234	-0.175653	-0.318883	-0.777702	0.512483
0.076655	11.218397	9.630416	-0.949909	0.149266	-0.137271	-0.237801
4.22127	7.597883	5.372891	-0.001083	-0.694168	-0.711486	-0.109168
1.94632	5.596832	4.973899	0.446474	-0.160774	0.191532	-0.859144
2.84102	14.177115	0.754699	-0.083605	0.032037	0.770781	0.630777
8.477547	10.047531	6.436123	-0.038638	-0.595621	0.802251	-0.011632
6.322345	7.802254	7.064036	0.016418	-0.092391	-0.769247	0.632023
14.59444	14.66187	6.86864	-0.939194	-0.141969	-0.123816	-0.287105
13.075008	8.539984	8.863654	0.629866	-0.178652	-0.198714	0.729291
12.205336	0.715244	2.697469	-0.386219	0.822615	-0.410088	-0.077244
11.546047	14.218708	4.479547	-0.359073	0.497601	-0.787101	-0.062703
9.289573	12.965124	12.547296	0.694476	0.444377	0.135825	-0.549348
4.917933	14.756969	3.479856	-0.300609	-0.549405	0.524668	-0.576639
9.014405	7.19447	6.419445	0.730677	0.344636	0.407042	-0.42621
1.299334	8.588532	7.820964	0.840341	-0.24254	-0.424285	0.234486
12.420473	7.503187	2.39017	-0.015582	-0.795715	0.358235	0.488122
9.839146	11.094679	8.329024	-0.29433	-0.166439	-0.585243	0.736993
7.308473	5.868542	8.170306	-0.227874	-0.738698	-0.169386	0.611316
13.196998	7.745442	7.978099	0.508663	-0.050678	-0.474507	0.716615
0.817934	14.482159	5.45913	0.085005	-0.708741	0.585413	0.384385
6.656816	12.612431	5.383768	-0.013769	0.839434	0.50101	0.210121
14.13816	9.363482	8.198411	-0.294427	-0.392885	-0.591041	0.640019
9.948912	7.881222	12.425971	0.478041	-0.756887	0.272511	0.352614
9.217905	13.802092	3.517176	-0.681948	0.682739	0.187112	0.183858
14.326679	12.144493	10.8215	-0.632506	-0.14412	-0.5254	-0.550564
12.583044	12.842909	10.558369	-0.100072	-0.678998	-0.550396	0.475406
9.202558	14.656597	11.757956	0.484629	-0.5184	0.583958	0.394195
1.584537	8.000641	4.288254	0.667771	0.530663	-0.47454	0.217465
10.787169	10.372885	5.076772	0.396457	-0.320141	-0.022987	0.860118
3.741091	14.058583	7.146086	-0.533138	0.6871	0.069592	0.488687
13.20562	11.899776	0.192169	0.069003	-0.033556	0.35483	0.931777
3.030524	8.152971	4.251552	0.917414	0.224921	-0.314307	0.094727
1.345598	6.327276	10.655152	0.187139	-0.215294	-0.896187	0.339818
8.75117	9.052382	3.91777	0.55891	-0.393681	0.525937	-0.50599
11.379723	6.589242	10.439174	0.591057	0.554958	-0.298494	-0.503562
0.818308	2.865033	7.80991	-0.789768	-0.294151	-0.333997	0.422124
11.448066	12.050435	6.083776	-0.652104	-0.019007	-0.750923	-0.102539
14.405414	14.467392	8.405067	-0.882145	-0.041375	-0.139976	-0.447789
7.545078	11.294788	5.233157	-0.499738	0.526428	0.045547	-0.686339
5.851341	14.487145	1.217288	0.296269	-0.162543	-0.506425	-0.793309
10.411144	3.319103	8.96944	-0.194878	0.304709	0.25534	0.896647
0.66446	2.476716	11.191849	-0.187951	0.279513	0.916886	-0.214166
13.728663	13.598126	10.975524	-0.761216	0.276344	-0.540257	0.228706
8.830673	11.303844	4.650475	0.375848	-0.711145	-0.073016	0.589644
0.27468	8.979106	4.247405	-0.563986	-0.405744	0.166165	0.699772
5.693408	10.013038	14.241386	0.51414	-0.817697	-0.16227	0.201744
6.126382	6.588858	8.91904	0.228183	0.942483	-0.180079	-0.165018
4.356336	3.074011	14.288111	-0.474989	-0.367535	0.789162	-0.128556
10.75486	7.92519	10.688017	-0.330445	-0.163616	0.891399	-0.263524
12.323838	10.293403	13.526698	0.641016	0.298374	0.648979	-0.280889
1.541794	12.410693	14.790991	-0.264668	-0.438056	0.857695	-0.049159
10.757804	7.869731	0.085048	0.333607	0.278849	0.893097	0.115442
6.978138	10.994375	8.511357	-0.757182	-0.565669	0.233118	-0.228801
9.644541	10.848403	1.36385	0.142911	-0.682953	-0.705194	-0.125905
5.261229	6.9462	11.315162	-0.011875	0.88183	0.205839	0.424104
7.563856	13.979926	1.74419	-0.550074	-0.603389	0.089938	-0.570308
3.629477	11.715692	13.131633	0.567912	-0.222088	-0.335798	0.717908
1.412646	5.866271	3.778242	-0.816136	0.027551	-0.4941	-0.298375
14.715794	14.466374	11.963802	-0.455452	-0.361029	0.798969	-0.154496
0.243841	4.320594	4.465535	0.594834	0.066949	0.740667	-0.305127
14.133634	10.412326	12.892773	-0.09148	0.159461	0.554325	-0.811743
0.65032	1.677454	2.604939	0.296915	0.385628	-0.264976	0.832418
6.842277	14.383866	9.760767	0.552357	0.274391	-0.130275	0.776299
6.050941	13.497442	2.52333	-0.866625	0.048082	0.475005	0.14498
5.861234	10.713118	10.617834	-0.048626	0.910529	0.221682	0.345586
6.732767	10.699539	13.148153	-0.552094	0.514328	-0.644665	-0.12274
11.610037	0.763348	0.338862	-0.166177	0.655174	0.148797	-0.721798
12.751368	15.034974	1.181657	-0.227204	0.800078	0.395594	0.389562
4.342379	0.002759	5.007231	-0.405991	-0.333647	0.581218	0.621319
1.843335	10.95149	12.766519	0.188153	-0.349228	-0.829783	-0.392554
14.492962	2.702486	2.271599	0.317752	-0.414482	0.288769	-0.802403
14.21035	14.533868	14.26699	0.236903	-0.566449	0.215743	-0.759255
9.891968	2.781256	0.235431	0.428652	0.848545	-0.136882	0.278374
12.223621	10.120252	8.966358	0.33757	0.184977	0.851549	0.355942
8.425732	14.167855	4.804415	0.857513	0.202713	-0.146972	-0.449419
7.684266	13.083825	5.20398	0.211687	0.371373	-0.448361	0.785012
5.478595	8.76283	9.147091	-0.098254	0.091998	0.64715	0.750386
7.465041	5.329503	0.195336	0.981428	0.069776	-0.126873	0.125833
12.251201	8.419639	10.399517	-0.928373	0.007188	0.358647	-0.097182
8.455181	0.311229	4.020129	-0.519066	-0.024201	-0.835849	0.177036
13.921052	14.98618	4.750749	-0.353191	-0.297485	-0.386718	-0.798253
0.797546	10.398888	3.990985	0.557109	0.296106	0.376189	0.678552
11.101086	15.035958	5.709662	-0.652715	-0.752818	-0.062432	-0.057713
4.286907	7.894791	4.175443	-0.717709	0.335485	-0.404714	-0.456673
2.220928	2.747157	4.394984	0.321576	0.784858	-0.352871	-0.395056
5.79387	11.984873	7.295045	0.556278	0.20058	0.629912	-0.503521
6.261822	12.683339	14.937829	-0.235975	0.68293	0.668363	-0.176673
14.045672	10.522588	9.171535	0.069824	-0.794213	-0.586087	-0.1444
3.848927	15.079156	8.363403	0.211857	-0.597141	-0.228367	0.73918
10.840413	3.051787	1.456996	0.864317	0.461975	-0.129016	-0.151296
12.495367	8.71367	7.149596	0.193402	0.958675	0.205635	-0.035382
14.002185	3.141896	11.67564	0.145625	-0.162789	0.640781	-0.735998
3.53615	13.978503	2.19526	0.207865	0.34777	-0.839962	0.360987
6.43792	4.30772	0.181992	0.065961	-0.25353	-0.353566	0.897977
11.699708	4.911902	8.231011	0.905296	0.081141	-0.309187	-0.279749
3.630148	2.591073	3.97856	-0.761603	0.164418	0.600988	0.178158
11.250753	13.56619	1.834017	-0.343348	-0.60284	0.556592	0.457057
8.955329	13.569527	1.178514	-0.515667	-0.020023	-0.787038	0.338021
0.664037	0.605059	3.807877	-0.629062	0.752534	0.031271	-0.192343
11.831037	11.674419	8.803591	0.393096	0.818966	-0.341883	-0.240597
1.215561	13.675583	14.951294	-0.256816	-0.598078	-0.758698	0.026941
3.9332	2.288146	7.202465	0.737261	-0.476435	-0.18148	-0.443306
11.125176	0.137701	1.757272	-0.054568	0.658786	0.356523	-0.660238
9.874256	9.229308	11.757096	-0.516887	-0.298152	0.06434	-0.799871
12.103279	3.360889	4.197245	0.255946	0.562349	-0.074437	-0.782761
0.975101	10.678816	5.515469	0.393189	-0.71404	0.46026	0.351723
7.721535	11.237831	11.135277	-0.416686	0.228879	-0.485066	-0.73396
13.372504	13.051833	4.760825	0.271951	-0.689014	-0.228341	-0.631794
5.87313	9.321444	6.470865	-0.205413	-0.792778	-0.573692	-0.01366
13.067271	1.164336	4.989323	0.766808	0.232862	0.426589	-0.419288
9.410691	6.773015	10.944585	-0.074436	0.59203	0.801488	-0.039706
5.34344	12.401575	4.917433	-0.173144	0.811579	0.421403	0.365759
7.097487	2.365632	10.458737	-0.229198	0.111051	0.966601	-0.028628
13.88576	12.726809	1.430396	-0.408376	-0.262407	-0.291086	0.824403
10.945725	11.683694	3.763036	-0.373207	0.396312	-0.433963	-0.717864
1.460849	8.102726	10.086421	-0.428436	0.089574	-0.038255	-0.898307
3.771081	14.241915	9.846704	0.2871	-0.166947	-0.913685	-0.23427
9.015191	0.830666	0.646137	0.066957	0.898407	0.409822	-0.142924
5.865324	1.844771	12.932993	-0.973326	-0.088517	-0.121984	0.172979
7.145475	3.560385	10.313482	0.068387	0.182704	0.007543	-0.980758
13.321052	6.481147	12.684178	-0.142212	-0.199841	-0.342256	-0.907028
13.263245	9.378886	10.01156	-0.016117	0.191974	-0.421957	-0.885911
0.868954	14.068942	7.639377	0.078122	-0.775737	-0.137791	0.610855
0.8138	12.809743	0.886313	0.672325	-0.343964	0.452765	-0.473996
4.823218	1.801781	10.134477	-0.927548	-0.202966	0.15877	-0.270651
2.533637	2.894076	1.784886	-0.488934	-0.509592	0.271146	-0.654018
8.547024	11.417767	9.703452	-0.828666	-0.155202	0.391422	-0.368799
8.620616	13.570301	8.772912	0.183343	-0.492147	0.805229	-0.275288
10.134782	0.287267	8.782832	0.860816	0.41344	0.288903	-0.067815
12.066423	1.071732	14.426496	-0.414468	-0.461388	-0.695682	-0.362441
6.680746	0.993161	11.687223	0.275112	0.714216	0.635338	0.102739
12.162612	12.808234	12.689522	0.523656	0.129411	0.37694	0.752963
9.82947	11.709505	13.78203	-0.622706	-0.53852	-0.477021	0.307709
5.930754	6.115175	13.181233	-0.393444	-0.136937	-0.615882	0.668685
4.294661	10.133394	14.471807	0.158626	0.513145	-0.017794	0.843329
7.394302	6.78146	10.712244	0.268243	-0.794285	0.544341	0.029142
5.389937	10.936144	8.037918	0.415798	0.67786	0.144605	0.588819
11.618652	10.609526	2.820682	0.177573	-0.64793	-0.572488	-0.470013
12.243629	12.246335	14.041573	-0.152881	0.831142	0.490007	0.21383
8.890395	10.427263	11.916354	-0.325113	-0.01655	-0.921778	-0.210601
8.437842	2.780778	10.660356	-0.309012	0.688479	-0.647417	-0.106583
4.601276	13.016439	2.330478	0.116002	0.368041	-0.408521	0.827163
2.61103	14.266827	4.660801	-0.556768	-0.464964	0.584697	0.363246
7.86965	7.918322	0.993702	0.267619	0.401813	0.615276	-0.623187
11.180882	5.043835	12.857826	-0.670072	0.574099	-0.004556	0.470523
11.300311	14.799086	14.928401	0.745991	0.041472	-0.617591	-0.245682
1.70391	14.266002	12.023603	-0.159241	-0.448284	-0.617498	-0.626403
3.963743	13.888931	3.541153	-0.523189	0.774488	-0.249381	0.253476
8.451787	3.345942	4.40929	0.043586	0.391656	0.520523	-0.757471
14.094772	8.060968	2.256028	-0.10965	0.075532	0.975172	-0.17695
10.399439	10.071082	11.456566	0.358686	0.705534	-0.012974	-0.611063
4.452815	12.712209	5.595098	0.206649	-0.070281	0.877658	-0.426701
9.657599	1.56616	5.214082	0.376648	-0.017674	0.914559	-0.146305
11.559487	0.184994	9.148501	0.442262	-0.297137	-0.174789	0.827987
14.521731	10.800582	11.030974	0.023884	0.16914	0.621484	-0.764577
3.42046	11.713298	0.421203	0.228981	0.931502	0.059351	0.276314
11.57479	1.181081	7.152955	0.233319	0.374247	-0.347139	-0.827645
4.22357	12.938226	7.266279	-0.1307	-0.854253	-0.493861	-0.096286
14.644088	7.637598	5.154443	0.74481	-0.384911	-0.531405	-0.121286
6.668929	14.309964	3.007479	-0.308921	0.074355	-0.947612	0.032734
12.2313	11.715164	12.881313	-0.201058	-0.942052	0.051062	0.263641
13.687696	11.649448	9.961077	-0.608316	-0.511687	0.143827	-0.589443
4.745549	11.454988	2.238836	-0.456783	-0.311321	-0.124395	-0.823987
12.603588	8.512472	4.764806	0.002891	0.599903	0.284478	-0.747783
4.602533	13.854458	7.777595	-0.096006	0.852796	0.513068	0.016835
5.46308	1.896195	9.210889	-0.624079	0.088143	-0.265745	0.729477
6.498185	2.176271	8.435389	-0.241104	0.147264	-0.881383	0.378612
13.265461	1.098477	6.389636	-0.327747	-0.344217	-0.261189	0.840165
8.036007	12.394675	3.971644	0.231152	-0.531193	-0.790554	-0.198562
1.450753	1.26393	7.955121	0.733567	-0.04052	-0.256015	-0.628246
10.067991	3.059138	2.632468	-0.324849	-0.018248	-0.164965	-0.931089
2.079651	11.820462	8.854056	0.248065	0.469846	0.191444	0.825262
3.48735	13.499603	14.997318	-0.182115	-0.185175	-0.46642	-0.845575
8.637385	1.184433	1.942988	-0.100516	-0.340858	0.400154	0.844742
2.139852	14.737021	7.391904	-0.50839	0.828439	-0.232452	-0.034575
4.272629	0.74884	11.398324	-0.210791	0.710803	0.065795	-0.66783
10.913859	0.923785	9.806935	0.322594	0.2048	-0.923404	0.036256
0.72561	6.031649	8.892372	-0.836012	-0.449577	0.132952	0.285111
14.811952	5.882874	3.643396	0.751716	0.059479	0.612345	-0.237529
5.146522	0.736533	5.833035	0.168831	-0.65563	0.250123	0.692159
5.977513	13.856156	10.569224	0.512393	0.312666	-0.178605	0.779611
1.867348	13.335029	5.549974	0.077585	-0.611566	-0.779194	0.113245
1.398511	3.424035	9.557019	-0.263801	0.849587	-0.331415	-0.314286
5.817559	14.466044	6.323395	-0.292823	0.062191	-0.215657	0.929451
7.368931	11.820401	13.918775	-0.511145	-0.761314	-0.391624	0.075913
10.045603	13.393308	0.397135	0.561046	-0.66456	-0.49152	0.044662
0.847314	13.693011	9.024581	-0.045893	0.952107	-0.05591	0.297086
0.757385	14.950265	10.233673	-0.712561	-0.126602	0.689863	0.017825
9.54582	14.640691	8.082669	0.360233	0.740255	0.489036	0.288268
6.497532	7.255699	11.55282	0.128866	-0.773205	-0.485314	-0.387322
9.319799	2.436306	12.223279	0.036119	0.06712	-0.861767	0.501545
11.469146	10.764953	12.603437	-0.365019	-0.56208	-0.490053	-0.557382
9.243769	2.339024	7.184561	-0.675648	-0.652827	0.112486	0.323516
12.722328	0.170943	7.821077	0.551147	-0.101659	-0.730255	-0.390679
1.846374	0.290854	11.853991	-0.01834	-0.014666	0.061908	-0.997806
11.874128	10.572579	10.760668	-0.779527	-0.025209	0.215013	0.587768
2.631593	9.432861	7.426936	0.522746	0.106605	0.086634	0.841348
8.996507	10.969512	2.18581	0.030417	-0.651686	0.746099	-0.133104
11.614154	6.767135	5.434668	0.346145	0.49455	0.646516	0.4665
12.028909	12.391161	2.655801	0.588884	-0.513342	0.304238	0.545101
13.624609	1.544032	1.50183	0.812528	0.176318	-0.315186	-0.457568
14.090027	12.01455	7.966477	-0.594332	-0.437823	-0.575865	0.351368
13.202675	10.853587	2.421446	-0.180544	-0.014042	-0.592003	-0.785327
14.238946	11.800078	4.75544	0.527293	0.762519	-0.242932	0.285502
1.347846	4.571734	9.371551	-0.280652	-0.235097	-0.861123	0.352749
7.397388	5.553328	3.206189	0.05153	-0.542489	-0.825885	0.144793
13.722233	0.681038	7.910549	-0.848484	0.007196	0.012847	0.529017
12.464839	12.665966	8.39708	-0.02032	0.176216	0.769474	-0.613551
7.524196	14.847823	15.050937	-0.360042	0.387608	0.636201	-0.561585
14.559633	13.163195	12.022622	0.167615	0.329308	-0.898973	0.235179
0.560252	13.236171	7.747962	-0.143983	-0.897377	0.037224	-0.415449
0.105937	7.902072	8.632162	-0.223614	0.088764	-0.850133	0.468392
7.383758	13.451517	0.028936	0.892685	-0.308157	0.151373	0.291957
5.469168	4.222075	11.742981	0.268281	0.844072	0.188074	-0.424495
5.794335	12.612281	13.71089	-0.401784	0.293197	-0.82313	0.273976
6.525849	10.513594	0.85201	0.263909	0.715914	0.63674	-0.11127
9.272374	12.355182	6.902125	0.254864	-0.053477	0.444339	-0.857174
11.263352	14.793818	8.08678	0.369527	-0.164931	-0.545615	0.733861
5.426811	11.220407	9.413883	-0.077845	0.58834	-0.193664	0.781211
